934651 1, 134659
934651 2, 134569
52341 2, 12345
12345 2, 12345
546374 4, 344567
16161 4, 11166
11211 2, 11112
13111 2, 11113
3112 2, 1123
11131 2, 11113
211113 4, 111123
233211 4, 112233
332112 4, 112233
211233 4, 112233
112332 4, 112233
112 2, 112
211 2, 112
11311 2, 11113
31111 4, 11113
113211 2, 111123
132111 2, 111123
1311 2, 1113
1131 2, 1113
2113 2, 1123
616262 4, 122666
777 2, 777
72727 4, 22777
77272 4, 22777
12341 4, 11234
12121 4, 11122
11111 4, 11111
311 2, 113
13211 2, 11123
2112 4, 1122
2332 4, 2233
44 2, 44
321123 6, 112233
123321 6, 112233
11 2, 11
22 2, 22
112112 6, 111122
121121 6, 111122
211211 6, 111122
6262 4, 2266
7272 4, 2277
2727 4, 2277
2341 4, 1234
4123 4, 1234
1212 4, 1122
2121 4, 1122
656 0, 656
6356 0, 6356
6536 0, 6536
71231 0, 71231
23432 0, 23432
343 0, 343
5 0, 5
3 0, 3
51234 0, 51234
34512 0, 34512
23451 0, 23451
12345 0, 12345
45123 0, 45123
312 0, 312
4 0, 4
12343 0, 12343
672162 0, 672162
162672 0, 162672
626162 0, 626162
1231 0, 1231
234321 0, 234321
321234 0, 321234
432123 0, 432123
212343 0, 212343
123432 0, 123432
343212 0, 343212
2321 0, 2321
32123 0, 32123
3212 0, 3212
2123 0, 2123
1232 0, 1232
12321 0, 12321
43123 0, 43123
31234 0, 31234
1234 0, 1234
3412 0, 3412
12 0, 12
121 0, 121
21 0, 21
131 0, 131
1321 0, 1321
1234 3, 1234
2113 2, 1123
122771 2, 112277
172172 2, 112277
234321 2, 124323
1231 2, 1123
343212 3, 122334
432123 3, 122334
2321 2, 1223
321234 3, 122334
1232 2, 1223
12341 2, 11243
123132 2, 112233
883588 4, 358888
678 2, 678
888588 4, 588888
888588 3, 588888
883588 2, 358888
34512 4, 12345
45123 3, 12354
23451 3, 12354
12345 3, 12345
12345 2, 12345
34512 3, 12354
3412 2, 1234
1234 2, 1234
51234 2, 12534
23451 2, 12453
12345 4, 12345
1312 3, 1123
672162 6, 122667
626162 3, 122666
321234 4, 122334
13211 3, 11123
12341 5, 11234
33212 3, 12233
312312 4, 112233
312123 5, 112233
3123 4, 1233
3112 3, 1123
2113 4, 1123
122717 5, 112277
122177 6, 112277
122771 6, 112277
112772 4, 112277
171722 3, 112277
171272 3, 112277
172172 3, 112277
321123 4, 112233
233211 6, 112233
343212 6, 122334
1231 3, 1123
43123 4, 12334
32123 4, 12233
123321 5, 112233
212343 6, 122334
2321 4, 1223
234321 6, 122334
321234 6, 122334
123132 6, 112233
121323 3, 112233
131232 5, 112233
1234 4, 1234
45123 5, 12345
23451 5, 12345
12345 5, 12345
34512 5, 12345
2341 4, 1234
3412 4, 1234
678 3, 678
132123 0, 132123
132123 1, 112323
132123 2, 112233
132123 3, 112233
132123 4, 112233
132123 5, 112233
6164465 4, 1445666
2432342 6, 2223344
2343211 2, 1143223
