[
    [1, 0, 0, 1, 0],
    [0, 1, 1, 0, 0],
    [1, 0, 0, 1, 0],
    [0, 0, 1, 1, 0],
    [0, 1, 1, 0, 0]
], {3, 5}
[
 [1 0 0 1 0 ]
 [0 1 1 0 0 ]
 [1 0 0 1 0 ]
 [0 0 1 1 0 ]
 [0 1 1 0 0 ]
], { 5 3 }
[
 [0 0 1 0 1 1 ]
 [0 1 1 1 0 0 ]
 [0 0 1 1 1 1 ]
 [1 1 0 1 1 1 ]
 [1 1 1 1 1 1 ]
 [1 1 0 1 0 1 ]
 [1 0 1 1 1 1 ]
 [1 1 1 0 1 1 ]
], { }
[
 [0 0 1 0 1 1 ]
 [0 1 1 1 0 0 ]
 [0 0 1 1 1 1 ]
 [1 1 0 1 1 1 ]
 [1 1 1 1 1 1 ]
 [1 1 0 1 1 1 ]
 [1 0 1 1 1 1 ]
 [1 1 1 0 1 1 ]
], { 6 }
[
 [0 0 1 0 1 1 ]
 [0 1 1 1 0 0 ]
 [0 0 1 1 1 1 ]
 [1 1 1 1 1 1 ]
 [1 1 1 1 1 1 ]
 [1 1 1 1 1 1 ]
 [1 0 1 1 1 1 ]
 [1 1 1 0 1 1 ]
], { 6 5 }
[
 [0 0 1 0 1 1 ]
 [0 1 1 1 0 0 ]
 [0 0 1 1 1 1 ]
 [1 1 1 1 1 1 ]
 [1 1 1 1 1 1 ]
 [1 1 1 1 1 0 ]
 [1 1 1 1 1 1 ]
 [1 1 1 0 1 1 ]
], { 7 5 }
[
 [0 0 1 0 1 1 ]
 [0 1 1 1 0 0 ]
 [0 0 1 1 1 1 ]
 [1 1 1 1 1 1 ]
 [1 1 1 0 1 1 ]
 [1 1 1 1 1 1 ]
 [1 0 1 1 1 1 ]
 [1 1 1 0 1 1 ]
], { 8 6 }
[
 [0 0 0 0 0 0 ]
 [0 0 0 0 0 0 ]
 [0 0 0 0 0 0 ]
 [0 0 0 0 0 0 ]
 [0 0 0 0 0 0 ]
 [0 0 0 0 0 0 ]
 [0 0 0 0 0 0 ]
 [0 0 0 0 0 0 ]
], { 8 7 3 2 4 5 6 }
[
 [0 0 0 0 0 0 ]
 [0 0 0 0 0 0 ]
 [0 0 1 0 0 0 ]
 [0 0 0 0 0 0 ]
 [0 0 0 0 0 0 ]
 [0 0 0 0 0 0 ]
 [0 0 0 0 0 0 ]
 [0 0 0 0 0 0 ]
], { 8 4 2 7 5 6 }
[
 [0 1 0 0 0 0 ]
 [0 0 0 0 0 0 ]
 [0 0 1 0 0 0 ]
 [0 0 0 0 0 0 ]
 [0 0 0 0 0 0 ]
 [0 0 0 0 0 0 ]
 [0 0 0 0 0 0 ]
 [0 0 0 0 0 0 ]
], { 8 7 6 4 5 }
[
 [1 1 1 1 1 1 ]
 [1 0 1 1 0 1 ]
 [0 1 1 0 0 1 ]
 [1 1 1 1 1 1 ]
 [1 0 0 1 0 1 ]
 [1 0 1 1 0 0 ]
 [1 0 1 0 1 1 ]
 [1 1 1 0 1 1 ]
], { 4 }
[
 [1 1 1 1 1 1 ]
 [1 0 0 1 1 1 ]
 [1 0 0 1 1 1 ]
 [1 1 1 1 1 1 ]
 [1 1 1 1 1 1 ]
 [1 1 1 1 1 1 ]
 [1 1 1 1 1 1 ]
 [1 1 1 1 1 1 ]
], { 8 4 3 5 6 7 }
[
 [1 1 1 1 1 1 ]
 [1 0 0 1 1 1 ]
 [1 0 0 1 1 1 ]
 [1 1 1 1 1 1 ]
 [1 1 1 1 1 1 ]
 [1 1 1 1 1 1 ]
 [1 1 1 1 1 1 ]
], { 7 6 5 3 4 }
[
 [1 1 1 1 1 ]
 [1 0 0 1 1 ]
 [1 0 0 1 1 ]
 [1 1 1 1 1 ]
 [1 1 1 1 1 ]
 [1 1 1 1 1 ]
 [1 1 1 1 1 ]
], { 7 6 5 3 4 }
[
 [1 1 1 1 0 0 ]
 [1 0 0 1 1 0 ]
 [1 0 0 1 1 1 ]
 [1 1 1 1 0 0 ]
 [1 1 1 1 0 0 ]
 [1 1 0 1 1 0 ]
 [1 1 0 1 1 1 ]
 [1 1 0 1 1 0 ]
], { 8 4 5 }
[
 [1 1 1 1 0 0 ]
 [1 1 1 1 1 0 ]
 [1 1 1 1 1 1 ]
 [1 1 1 1 0 0 ]
 [1 1 1 1 0 0 ]
 [1 1 0 1 1 0 ]
 [1 1 0 1 1 1 ]
 [1 1 0 1 1 0 ]
], { 8 4 5 }
[
 [1 1 1 1 0 0 ]
 [1 0 0 1 1 0 ]
 [1 0 0 1 1 1 ]
 [1 1 1 1 0 0 ]
 [1 1 1 1 0 0 ]
 [1 1 0 1 1 0 ]
 [1 1 0 1 1 1 ]
], { 5 4 }
[
 [1 1 1 1 0 0 ]
 [1 1 1 1 1 0 ]
 [1 1 1 1 1 1 ]
 [1 1 1 1 0 0 ]
 [1 1 1 1 0 0 ]
 [1 1 0 1 1 0 ]
 [1 1 0 1 1 1 ]
], { 5 4 }
[
 [1 1 1 1 0 ]
 [1 0 0 1 1 ]
 [1 0 0 1 1 ]
 [1 1 1 1 0 ]
 [1 1 1 1 0 ]
 [1 1 0 1 1 ]
 [1 1 0 1 1 ]
], { 7 5 3 4 }
[
 [1 1 1 1 0 ]
 [1 1 1 1 1 ]
 [1 1 1 1 1 ]
 [1 1 1 1 0 ]
 [1 1 1 1 0 ]
 [1 1 0 1 1 ]
 [1 1 0 1 1 ]
], { 7 5 3 4 }
[
 [1 1 1 1 1 1 ]
 [1 1 1 1 1 1 ]
 [1 1 1 1 1 1 ]
 [1 1 1 1 1 1 ]
 [1 1 1 1 1 1 ]
 [1 1 1 1 1 1 ]
 [1 1 1 1 1 1 ]
 [1 1 1 1 1 1 ]
], { 8 7 3 2 4 5 6 }
[
 [1 1 1 1 1 1 ]
 [1 1 1 1 0 0 ]
 [1 1 1 1 0 0 ]
 [1 1 1 1 1 1 ]
 [1 1 1 1 1 1 ]
 [1 1 1 1 1 1 ]
 [1 1 1 1 1 1 ]
 [1 1 1 1 1 1 ]
], { 8 4 3 5 6 7 }
[
 [1 1 1 1 1 1 ]
 [1 1 1 1 1 1 ]
 [1 1 1 1 1 1 ]
 [1 1 1 1 1 1 ]
 [1 1 1 1 1 1 ]
 [1 1 1 1 1 1 ]
 [1 1 1 1 1 1 ]
], { 7 3 2 4 5 6 }
[
 [1 1 1 1 1 ]
 [1 1 1 1 1 ]
 [1 1 1 1 1 ]
 [1 1 1 1 1 ]
 [1 1 1 1 1 ]
 [1 1 1 1 1 ]
 [1 1 1 1 1 ]
], { 7 3 2 4 5 6 }
[
 [1 1 1 1 1 ]
 [1 1 1 0 0 ]
 [1 1 1 0 0 ]
 [1 1 1 1 1 ]
 [1 1 1 1 1 ]
 [1 1 1 1 1 ]
 [1 1 1 1 1 ]
], { 7 6 5 3 4 }
[
 [1 1 1 1 0 0 ]
 [1 1 1 0 0 0 ]
 [1 1 1 0 0 0 ]
 [1 1 1 1 0 0 ]
 [1 1 1 1 0 0 ]
 [1 1 1 1 0 0 ]
 [1 1 1 1 1 0 ]
 [1 1 1 1 0 0 ]
], { 6 5 8 3 4 }
[
 [1 1 1 1 0 0 ]
 [1 1 1 0 0 0 ]
 [1 1 1 1 0 0 ]
 [1 1 1 1 0 0 ]
 [1 1 1 1 0 0 ]
 [1 1 1 1 0 0 ]
 [1 1 1 1 1 0 ]
 [1 1 1 1 0 0 ]
], { 6 5 8 3 4 }
[
 [1 1 1 1 0 0 ]
 [1 1 1 1 1 0 ]
 [1 1 1 1 1 1 ]
 [1 1 1 1 0 0 ]
 [1 1 1 1 0 0 ]
 [1 1 1 1 0 0 ]
 [1 1 1 1 1 0 ]
 [1 1 1 1 0 0 ]
], { 8 7 6 4 5 }
[
 [1 1 1 1 0 0 ]
 [1 1 1 0 0 0 ]
 [1 1 1 0 0 0 ]
 [1 1 1 1 0 0 ]
 [1 1 1 1 0 0 ]
 [1 1 1 1 0 0 ]
 [1 1 1 1 1 0 ]
], { 6 5 3 4 }
[
 [1 1 1 1 0 0 ]
 [1 1 1 0 0 0 ]
 [1 1 1 1 0 0 ]
 [1 1 1 1 0 0 ]
 [1 1 1 1 0 0 ]
 [1 1 1 1 0 0 ]
 [1 1 1 1 1 0 ]
], { 6 5 3 4 }
[
 [1 1 1 1 0 0 ]
 [1 1 1 1 1 0 ]
 [1 1 1 1 1 1 ]
 [1 1 1 1 0 0 ]
 [1 1 1 1 0 0 ]
 [1 1 1 1 0 0 ]
 [1 1 1 1 1 0 ]
], { 7 6 4 5 }
[
 [1 1 1 1 0 ]
 [1 1 1 0 0 ]
 [1 1 0 0 0 ]
 [1 1 1 1 0 ]
 [1 1 1 1 0 ]
 [1 1 1 1 0 ]
 [1 1 1 1 0 ]
], { 7 6 4 5 }
[
 [1 1 1 1 0 ]
 [1 1 1 0 0 ]
 [1 1 1 0 0 ]
 [1 1 1 1 0 ]
 [1 1 1 1 0 ]
 [1 1 1 1 0 ]
 [1 1 1 1 0 ]
], { 7 6 5 3 4 }
[
 [1 1 1 1 0 ]
 [1 1 1 1 1 ]
 [1 1 1 1 1 ]
 [1 1 1 1 0 ]
 [1 1 1 1 0 ]
 [1 1 1 1 0 ]
 [1 1 1 1 0 ]
], { 7 6 5 3 4 }
[
 [1 1 1 0 0 ]
 [1 1 1 0 0 ]
 [1 1 1 1 0 ]
 [1 1 1 1 1 ]
], { 2 }
[
 [1 1 1 ]
 [1 1 1 ]
 [1 1 1 ]
 [1 1 1 ]
], { 4 2 3 }
[
 [1 1 1 ]
 [1 1 1 ]
 [1 1 1 ]
], { 3 2 }
[
 [1 1 1 1 0 0 ]
 [1 0 0 1 1 0 ]
 [0 0 0 1 1 1 ]
 [1 1 1 1 0 0 ]
 [1 1 1 1 0 0 ]
 [1 1 0 1 1 0 ]
 [1 1 0 1 1 1 ]
 [1 1 0 1 1 0 ]
], { 8 4 5 }
[
 [1 1 1 1 0 0 ]
 [1 0 0 1 1 0 ]
 [0 0 0 1 1 1 ]
 [1 1 1 1 0 0 ]
 [1 1 1 1 0 0 ]
 [1 1 0 1 1 0 ]
 [1 1 0 1 1 1 ]
], { 5 4 }
[
 [1 1 1 1 0 ]
 [1 0 0 1 1 ]
 [0 0 0 1 1 ]
 [1 1 1 1 0 ]
 [1 1 1 1 0 ]
 [1 1 0 1 1 ]
 [1 1 0 1 1 ]
], { 7 4 5 }
[
 [0 1 0 1 1 ]
 [1 1 0 0 1 ]
 [1 1 0 1 1 ]
 [1 1 1 1 1 ]
], { }
[
 [0 0 1 0 1 1 ]
 [0 1 1 1 0 0 ]
 [0 0 1 1 1 1 ]
 [1 1 0 1 1 1 ]
 [1 1 1 1 1 1 ]
 [1 1 0 1 0 1 ]
], { }
[
 [0 0 1 0 1 1 ]
 [0 1 1 1 0 0 ]
 [0 0 1 1 1 1 ]
 [1 1 0 1 1 1 ]
 [1 1 1 1 1 1 ]
 [1 1 1 0 1 1 ]
], { }
[
 [0 0 1 0 1 1 ]
 [1 1 1 1 1 1 ]
 [1 1 1 1 1 1 ]
 [1 1 1 1 1 1 ]
 [1 0 1 1 1 1 ]
 [1 1 1 0 1 1 ]
], { 4 3 }
[
 [0 0 1 1 1 1 ]
 [1 1 1 1 1 1 ]
 [1 1 1 1 1 1 ]
 [1 1 1 1 1 0 ]
 [1 1 1 1 1 1 ]
 [1 1 1 0 1 1 ]
], { 5 3 }
[
 [0 0 1 0 1 1 ]
 [0 1 1 1 0 0 ]
 [0 0 1 1 1 1 ]
 [1 1 1 1 1 1 ]
 [1 0 1 1 1 1 ]
 [1 1 1 0 1 1 ]
], { }
[
 [0 0 0 0 0 0 ]
 [0 0 0 0 0 0 ]
 [0 0 0 0 0 0 ]
 [0 0 0 0 0 0 ]
 [0 0 0 0 0 0 ]
 [0 0 0 0 0 0 ]
], { 6 5 4 2 3 }
[
 [0 0 0 0 0 0 ]
 [0 0 0 0 0 0 ]
 [0 0 1 0 0 0 ]
 [0 0 0 0 0 0 ]
 [0 0 0 0 0 0 ]
 [0 0 0 0 0 0 ]
], { 6 5 2 4 }
[
 [0 1 0 0 0 0 ]
 [0 0 0 0 0 0 ]
 [0 0 1 0 0 0 ]
 [0 0 0 0 0 0 ]
 [0 0 0 0 0 0 ]
 [0 0 0 0 0 0 ]
], { 6 4 5 }
[
 [0 ]
], { }
[
 [0 ]
 [1 ]
], { }
[
 [0 1 ]
 [1 0 ]
], { }
[
 [1 0 ]
 [1 0 ]
], { 2 }
[
 [1 1 1 1 1 1 ]
 [1 0 1 1 0 1 ]
 [0 1 1 0 0 1 ]
 [1 1 1 1 1 1 ]
 [1 0 0 1 0 1 ]
 [1 0 1 1 0 0 ]
], { 4 }
[
 [1 1 1 1 1 1 ]
 [1 0 0 1 1 1 ]
 [1 0 0 1 1 1 ]
 [1 1 1 1 1 1 ]
 [1 1 1 1 1 1 ]
 [1 1 1 1 1 1 ]
], { 6 5 3 4 }
[
 [1 1 1 1 1 1 ]
 [1 0 0 1 1 1 ]
 [1 1 1 1 1 1 ]
 [1 1 1 1 1 1 ]
 [1 1 1 1 1 1 ]
 [1 1 1 1 1 1 ]
], { 6 5 3 4 }
[
 [1 1 1 1 1 ]
 [1 0 0 1 1 ]
 [1 0 0 1 1 ]
 [1 1 1 1 1 ]
 [1 1 1 1 1 ]
], { 5 3 4 }
[
 [1 1 1 1 0 0 ]
 [1 0 0 1 1 0 ]
 [1 1 1 1 0 0 ]
 [1 1 1 1 0 0 ]
 [1 1 0 1 1 1 ]
 [1 1 0 1 1 0 ]
], { 4 3 }
[
 [1 1 1 1 0 0 ]
 [1 1 1 1 1 0 ]
 [1 1 1 1 0 0 ]
 [1 1 0 1 1 0 ]
 [1 1 0 1 1 1 ]
 [1 1 0 1 1 0 ]
], { 6 3 }
[
 [1 1 1 1 0 0 ]
 [1 0 0 1 1 0 ]
 [1 0 0 1 1 1 ]
 [1 1 1 1 0 0 ]
 [1 1 1 1 0 0 ]
 [1 1 0 1 1 0 ]
], { 5 4 }
[
 [1 1 1 1 0 0 ]
 [1 1 1 1 1 0 ]
 [1 1 1 1 0 0 ]
 [1 1 1 1 0 0 ]
 [1 1 0 1 1 0 ]
 [1 1 0 1 1 1 ]
], { 4 3 }
[
 [1 1 1 1 0 ]
 [1 0 0 1 1 ]
 [1 0 0 1 1 ]
 [1 1 0 1 1 ]
 [1 1 0 1 1 ]
], { 5 3 }
[
 [1 1 1 1 0 ]
 [1 1 1 1 1 ]
 [1 1 1 1 1 ]
 [1 1 0 1 1 ]
 [1 1 0 1 1 ]
], { 5 3 }
[
 [1 1 1 1 0 ]
 [1 0 0 1 1 ]
 [1 0 0 1 1 ]
 [1 1 1 1 0 ]
 [1 1 1 1 0 ]
], { 5 3 4 }
[
 [1 1 1 1 1 1 ]
 [1 1 1 1 1 1 ]
 [1 1 1 1 1 1 ]
 [1 1 1 1 1 1 ]
 [1 1 1 1 1 1 ]
 [1 1 1 1 1 1 ]
], { 6 5 4 2 3 }
[
 [1 1 1 1 1 1 ]
 [1 1 1 1 0 0 ]
 [1 1 1 1 0 0 ]
 [1 1 1 1 1 1 ]
 [1 1 1 1 1 1 ]
 [1 1 1 1 1 1 ]
], { 6 5 3 4 }
[
 [1 1 0 1 1 1 ]
 [1 1 1 1 1 1 ]
 [1 1 1 1 1 1 ]
 [1 1 1 1 1 1 ]
 [1 0 1 0 1 1 ]
 [1 1 1 1 1 1 ]
 [1 1 1 1 1 1 ]
], { 7 6 3 4 }
[
 [1 1 1 1 1 1 ]
 [1 1 1 1 0 0 ]
 [1 1 1 1 0 0 ]
 [1 1 1 1 1 1 ]
 [1 1 1 1 1 1 ]
 [1 1 1 1 1 1 ]
 [1 1 1 1 1 1 ]
], { 7 6 5 3 4 }
[
 [1 1 1 1 1 ]
 [1 1 1 1 1 ]
 [1 1 1 1 1 ]
 [1 1 1 1 1 ]
 [1 1 1 1 1 ]
], { 5 4 2 3 }
[
 [1 1 1 1 1 ]
 [1 1 1 0 0 ]
 [1 1 1 0 0 ]
 [1 1 1 1 1 ]
 [1 1 1 1 1 ]
], { 5 3 4 }
[
 [1 1 1 1 ]
 [1 1 1 1 ]
 [1 1 1 1 ]
 [1 1 1 1 ]
 [1 1 1 1 ]
], { 5 4 2 3 }
[
 [1 1 1 1 ]
 [1 1 1 1 ]
 [1 1 1 1 ]
 [1 1 1 1 ]
], { 4 2 3 }
[
 [1 1 1 1 0 0 ]
 [1 1 1 0 0 0 ]
 [1 1 1 0 0 0 ]
 [1 1 1 1 0 0 ]
 [1 1 1 1 0 0 ]
 [1 1 1 1 0 0 ]
], { 6 5 3 4 }
[
 [1 1 1 1 0 0 ]
 [1 1 1 1 0 0 ]
 [1 1 1 1 0 0 ]
 [1 1 1 1 0 0 ]
 [1 1 1 1 1 0 ]
 [1 1 1 1 0 0 ]
], { 6 4 2 3 }
[
 [1 1 1 1 0 0 ]
 [1 1 1 1 1 0 ]
 [1 1 1 1 1 1 ]
 [1 1 1 1 0 0 ]
 [1 1 1 1 0 0 ]
 [1 1 1 1 0 0 ]
], { 6 4 5 }
[
], { }
[
 [1 1 1 1 0 ]
 [1 0 1 0 0 ]
 [1 1 1 0 0 ]
 [1 1 1 1 0 ]
 [1 1 1 1 0 ]
], { 5 4 }
[
 [1 1 1 1 0 ]
 [1 1 1 0 0 ]
 [1 1 1 0 0 ]
 [1 1 1 1 0 ]
 [1 1 1 1 0 ]
], { 5 3 4 }
[
 [1 1 1 1 0 ]
 [1 1 1 1 1 ]
 [1 1 1 1 1 ]
 [1 1 1 1 0 ]
 [1 1 1 1 0 ]
], { 5 3 4 }
[
 [1 1 1 0 0 ]
 [1 1 1 0 0 ]
 [1 1 1 1 0 ]
 [1 1 1 1 1 ]
 [0 0 1 1 1 ]
], { 2 }
[
 [0 0 0 1 1 ]
 [0 0 1 1 1 ]
 [0 0 0 0 0 ]
 [0 1 1 1 1 ]
 [0 0 0 0 1 ]
], { }
[
 [1 1 1 1 0 0 ]
 [1 0 0 1 1 0 ]
 [0 0 0 1 1 1 ]
 [1 1 1 1 0 0 ]
 [1 1 1 1 0 0 ]
 [1 1 0 1 1 0 ]
], { 5 4 }
[
 [0 0 0 1 1 1 ]
 [1 1 1 1 0 0 ]
 [1 1 1 1 0 0 ]
 [1 1 0 1 1 0 ]
 [1 1 0 1 1 1 ]
], { 3 }
[
 [1 1 1 1 0 ]
 [1 0 0 1 1 ]
 [1 1 1 1 0 ]
 [1 1 0 1 1 ]
 [1 1 0 1 1 ]
], { 5 3 }
[
 [1 1 1 1 0 ]
 [1 0 0 1 1 ]
 [0 0 0 1 1 ]
 [1 1 1 1 0 ]
 [1 1 1 1 0 ]
], { 5 4 }
[
 [1 1 1 0 ]
 [0 0 1 1 ]
 [0 0 1 1 ]
 [1 1 1 0 ]
 [1 1 1 0 ]
], { 5 3 4 }
[
 [0 1 0 1 1 ]
 [1 1 0 0 1 ]
 [1 1 0 1 1 ]
 [1 1 1 1 1 ]
 [1 1 0 1 1 ]
], { 5 }
[
 [0 1 1 0 ]
 [1 0 0 1 ]
 [1 1 0 1 ]
 [1 1 1 1 ]
], { }
[
 [1 1 1 0 ]
 [0 0 1 1 ]
 [0 0 1 1 ]
 [1 1 1 0 ]
], { 4 3 }
[
 [1 1 0 ]
 [0 1 1 ]
 [0 1 1 ]
 [1 1 0 ]
], { 4 3 }
[
 [1 1 0 ]
 [0 1 1 ]
 [0 1 1 ]
], { 3 }
[
 [1 1 0 0 0 ]
 [1 1 1 0 0 ]
 [0 0 0 0 0 ]
 [1 1 1 1 0 ]
 [1 0 0 0 0 ]
], { }
[
 [1 1 1 1 0 ]
 [1 1 1 0 0 ]
 [1 1 0 0 0 ]
 [1 1 1 1 0 ]
 [1 1 1 1 0 ]
], { 5 4 }
[
 [1 1 1 0 ]
 [1 1 0 0 ]
 [1 1 0 0 ]
 [1 1 1 0 ]
 [1 1 1 0 ]
], { 5 3 4 }
[
 [1 1 0 0 ]
 [1 1 0 0 ]
 [1 1 1 0 ]
 [1 1 1 1 ]
], { 2 }
[
 [1 1 1 0 ]
 [1 1 0 0 ]
 [1 1 0 0 ]
 [1 1 1 0 ]
], { 4 3 }
[
 [1 1 0 ]
 [1 1 0 ]
 [1 1 0 ]
 [1 1 0 ]
], { 4 2 3 }
[
 [1 1 0 ]
 [1 1 0 ]
 [1 1 0 ]
], { 3 2 }
[
 [1 0 ]
 [1 1 ]
 [1 1 ]
 [1 0 ]
], { 4 3 }
[
 [1 1 ]
 [1 1 ]
 [1 1 ]
 [1 1 ]
], { 4 2 3 }
[
 [1 1 ]
 [1 1 ]
], { 2 }
[
 [1 1 ]
 [0 1 ]
], { }
[
 [1 0 ]
 [1 1 ]
], { }
[
 [1 1 ]
 [1 0 ]
], { }
[
 [0 1 ]
], { }
[
 [1 1 ]
], { }
[
 [1 0 ]
], { }
[
 [1 ]
 [0 ]
], { }
[
 [1 ]
 [1 ]
], { 2 }
[
 [0 0 0 0 0 ]
 [0 0 0 0 0 ]
 [0 0 0 0 0 ]
 [0 0 0 0 0 ]
 [0 0 0 0 0 ]
], { 5 4 2 3 }
