[ [10, 13, 14, 21, 23], [11, 9,  22, 2,  3], [12, 8,  1,  5,  4], [15, 24, 7,  6,  20], [16, 17, 18, 19, 25] ], [2, 3, 4, 5, 6, 7]
[
 [ 4 3]
 [ 1 2]
],
[ 1 2 3 4 ]
[
 [ 9 8 7]
 [ 2 1 6]
 [ 3 4 5]
],
[ 1 2 3 4 5 6 7 8 9 ]
[
 [ 16 15 14 13]
 [ 5 4 3 12]
 [ 6 1 2 11]
 [ 7 8 9 10]
],
[ 1 2 3 4 5 6 7 8 9 10 11 12 13 14 15 16 ]
[
 [ 25 24 23 22 21]
 [ 10 9 8 7 20]
 [ 11 2 1 6 19]
 [ 12 3 4 5 18]
 [ 13 14 15 16 17]
],
[ 1 2 3 4 5 6 7 8 9 10 11 12 13 14 15 16 17 18 19 20 21 22 23 24 25 ]
[
 [ 36 35 34 33 32 31]
 [ 17 16 15 14 13 30]
 [ 18 5 4 3 12 29]
 [ 19 6 1 2 11 28]
 [ 20 7 8 9 10 27]
 [ 21 22 23 24 25 26]
],
[ 1 2 3 4 5 6 7 8 9 10 11 12 13 14 15 16 17 18 19 20 21 22 23 24 25 26 27 28 29 30 31 32 33 34 35 36 ]
[
 [ 49 48 47 46 45 44 43]
 [ 26 25 24 23 22 21 42]
 [ 27 10 9 8 7 20 41]
 [ 28 11 2 1 6 19 40]
 [ 29 12 3 4 5 18 39]
 [ 30 13 14 15 16 17 38]
 [ 31 32 33 34 35 36 37]
],
[ 1 2 3 4 5 6 7 8 9 10 11 12 13 14 15 16 17 18 19 20 21 22 23 24 25 26 27 28 29 30 31 32 33 34 35 36 37 38 39 40 41 42 43 44 45 46 47 48 49 ]
[
 [ 64 63 62 61 60 59 58 57]
 [ 37 36 35 34 33 32 31 56]
 [ 38 17 16 15 14 13 30 55]
 [ 39 18 5 4 3 12 29 54]
 [ 40 19 6 1 2 11 28 53]
 [ 41 20 7 8 9 10 27 52]
 [ 42 21 22 23 24 25 26 51]
 [ 43 44 45 46 47 48 49 50]
],
[ 1 2 3 4 5 6 7 8 9 10 11 12 13 14 15 16 17 18 19 20 21 22 23 24 25 26 27 28 29 30 31 32 33 34 35 36 37 38 39 40 41 42 43 44 45 46 47 48 49 50 51 52 53 54 55 56 57 58 59 60 61 62 63 64 ]
[
 [ 81 80 79 78 77 76 75 74 73]
 [ 50 49 48 47 46 45 44 43 72]
 [ 51 26 25 24 23 22 21 42 71]
 [ 52 27 10 9 8 7 20 41 70]
 [ 53 28 11 2 1 6 19 40 69]
 [ 54 29 12 3 4 5 18 39 68]
 [ 55 30 13 14 15 16 17 38 67]
 [ 56 31 32 33 34 35 36 37 66]
 [ 57 58 59 60 61 62 63 64 65]
],
[ 1 2 3 4 5 6 7 8 9 10 11 12 13 14 15 16 17 18 19 20 21 22 23 24 25 26 27 28 29 30 31 32 33 34 35 36 37 38 39 40 41 42 43 44 45 46 47 48 49 50 51 52 53 54 55 56 57 58 59 60 61 62 63 64 65 66 67 68 69 70 71 72 73 74 75 76 77 78 79 80 81 ]
[
 [ 100 99 98 97 96 95 94 93 92 91]
 [ 65 64 63 62 61 60 59 58 57 90]
 [ 66 37 36 35 34 33 32 31 56 89]
 [ 67 38 17 16 15 14 13 30 55 88]
 [ 68 39 18 5 4 3 12 29 54 87]
 [ 69 40 19 6 1 2 11 28 53 86]
 [ 70 41 20 7 8 9 10 27 52 85]
 [ 71 42 21 22 23 24 25 26 51 84]
 [ 72 43 44 45 46 47 48 49 50 83]
 [ 73 74 75 76 77 78 79 80 81 82]
],
[ 1 2 3 4 5 6 7 8 9 10 11 12 13 14 15 16 17 18 19 20 21 22 23 24 25 26 27 28 29 30 31 32 33 34 35 36 37 38 39 40 41 42 43 44 45 46 47 48 49 50 51 52 53 54 55 56 57 58 59 60 61 62 63 64 65 66 67 68 69 70 71 72 73 74 75 76 77 78 79 80 81 82 83 84 85 86 87 88 89 90 91 92 93 94 95 96 97 98 99 100 ]
[
],
[]
[
 [ 1]
],
[ 1 ]
[
 [ 1 2]
 [ 4 3]
],
[ 1 2 3 4 ]
[
 [ 4 1]
 [ 3 2]
],
[ 1 2 3 4 ]
[
 [ 1 2 3]
 [ 8 9 4]
 [ 7 6 5]
],
[ 1 2 3 4 5 6 7 8 9 ]
[
 [ 9 1 2]
 [ 7 8 3]
 [ 6 5 4]
],
[ 1 2 3 4 5 6 7 8 ]
[
 [ 1 2 3 4]
 [ 12 13 14 5]
 [ 11 16 15 6]
 [ 10 9 8 7]
],
[ 1 2 3 4 5 6 7 8 9 10 11 12 13 14 15 16 ]
[
 [ 16 1 2 3]
 [ 11 12 13 4]
 [ 10 15 14 5]
 [ 9 8 7 6]
],
[ 1 2 3 4 5 6 7 8 9 10 11 12 13 14 15 ]
[
 [ 25 1 2 3 4]
 [ 15 16 17 18 5]
 [ 14 23 24 19 6]
 [ 13 22 21 20 7]
 [ 12 11 10 9 8]
],
[ 1 2 3 4 5 6 7 8 9 10 11 12 13 14 15 16 17 18 19 20 21 22 23 24 ]
[
 [ 1 2 3 4 5 6]
 [ 20 21 22 23 24 7]
 [ 19 32 33 34 25 8]
 [ 18 31 36 35 26 9]
 [ 17 30 29 28 27 10]
 [ 16 15 14 13 12 11]
],
[ 1 2 3 4 5 6 7 8 9 10 11 12 13 14 15 16 17 18 19 20 21 22 23 24 25 26 27 28 29 30 31 32 33 34 35 36 ]
[
 [ 36 1 2 3 4 5]
 [ 19 20 21 22 23 6]
 [ 18 31 32 33 24 7]
 [ 17 30 35 34 25 8]
 [ 16 29 28 27 26 9]
 [ 15 14 13 12 11 10]
],
[ 1 2 3 4 5 6 7 8 9 10 11 12 13 14 15 16 17 18 19 20 21 22 23 24 25 26 27 28 29 30 31 32 33 34 35 ]
[
 [ 1 2 3 4 5 6 7]
 [ 24 25 26 27 28 29 8]
 [ 23 40 41 42 43 30 9]
 [ 22 39 48 49 44 31 10]
 [ 21 38 47 46 45 32 11]
 [ 20 37 36 35 34 33 12]
 [ 19 18 17 16 15 14 13]
],
[ 1 2 3 4 5 6 7 8 9 10 11 12 13 14 15 16 17 18 19 20 21 22 23 24 25 26 27 28 29 30 31 32 33 34 35 36 37 38 39 40 41 42 43 44 45 46 47 48 49 ]
[
 [ 49 1 2 3 4 5 6]
 [ 23 24 25 26 27 28 7]
 [ 22 39 40 41 42 29 8]
 [ 21 38 47 48 43 30 9]
 [ 20 37 46 45 44 31 10]
 [ 19 36 35 34 33 32 11]
 [ 18 17 16 15 14 13 12]
],
[ 1 2 3 4 5 6 7 8 9 10 11 12 13 14 15 16 17 18 19 20 21 22 23 24 25 26 27 28 29 30 31 32 33 34 35 36 37 38 39 40 41 42 43 44 45 46 47 48 ]
[
 [ 1 2 3 4 5 6 7 8]
 [ 28 29 30 31 32 33 34 9]
 [ 27 48 49 50 51 52 35 10]
 [ 26 47 60 61 62 53 36 11]
 [ 25 46 59 64 63 54 37 12]
 [ 24 45 58 57 56 55 38 13]
 [ 23 44 43 42 41 40 39 14]
 [ 22 21 20 19 18 17 16 15]
],
[ 1 2 3 4 5 6 7 8 9 10 11 12 13 14 15 16 17 18 19 20 21 22 23 24 25 26 27 28 29 30 31 32 33 34 35 36 37 38 39 40 41 42 43 44 45 46 47 48 49 50 51 52 53 54 55 56 57 58 59 60 61 62 63 64 ]
[
 [ 64 1 2 3 4 5 6 7]
 [ 27 28 29 30 31 32 33 8]
 [ 26 47 48 49 50 51 34 9]
 [ 25 46 59 60 61 52 35 10]
 [ 24 45 58 63 62 53 36 11]
 [ 23 44 57 56 55 54 37 12]
 [ 22 43 42 41 40 39 38 13]
 [ 21 20 19 18 17 16 15 14]
],
[ 1 2 3 4 5 6 7 8 9 10 11 12 13 14 15 16 17 18 19 20 21 22 23 24 25 26 27 28 29 30 31 32 33 34 35 36 37 38 39 40 41 42 43 44 45 46 47 48 49 50 51 52 53 54 55 56 57 58 59 60 61 62 63 ]
[
 [ 1 2 3 4 5 6 7 8 9]
 [ 32 33 34 35 36 37 38 39 10]
 [ 31 56 57 58 59 60 61 40 11]
 [ 30 55 72 73 74 75 62 41 12]
 [ 29 54 71 80 81 76 63 42 13]
 [ 28 53 70 79 78 77 64 43 14]
 [ 27 52 69 68 67 66 65 44 15]
 [ 26 51 50 49 48 47 46 45 16]
 [ 25 24 23 22 21 20 19 18 17]
],
[ 1 2 3 4 5 6 7 8 9 10 11 12 13 14 15 16 17 18 19 20 21 22 23 24 25 26 27 28 29 30 31 32 33 34 35 36 37 38 39 40 41 42 43 44 45 46 47 48 49 50 51 52 53 54 55 56 57 58 59 60 61 62 63 64 65 66 67 68 69 70 71 72 73 74 75 76 77 78 79 80 81 ]
[
 [ 81 1 2 3 4 5 6 7 8]
 [ 31 32 33 34 35 36 37 38 9]
 [ 30 55 56 57 58 59 60 39 10]
 [ 29 54 71 72 73 74 61 40 11]
 [ 28 53 70 79 80 75 62 41 12]
 [ 27 52 69 78 77 76 63 42 13]
 [ 26 51 68 67 66 65 64 43 14]
 [ 25 50 49 48 47 46 45 44 15]
 [ 24 23 22 21 20 19 18 17 16]
],
[ 1 2 3 4 5 6 7 8 9 10 11 12 13 14 15 16 17 18 19 20 21 22 23 24 25 26 27 28 29 30 31 32 33 34 35 36 37 38 39 40 41 42 43 44 45 46 47 48 49 50 51 52 53 54 55 56 57 58 59 60 61 62 63 64 65 66 67 68 69 70 71 72 73 74 75 76 77 78 79 80 ]
[
 [ 5 1 2]
 [ 7 4 3]
 [ 8 9 6]
],
[ 1 2 3 4 ]
[
 [ 1 2 3 4 5]
 [ 16 17 18 19 6]
 [ 15 24 25 20 7]
 [ 14 23 22 21 8]
 [ 13 12 11 10 9]
],
[ 1 2 3 4 5 6 7 8 9 10 11 12 13 14 15 16 17 18 19 20 21 22 23 24 25 ]
[
 [ 121 120 119 118 117 116 115 114 113 112 111]
 [ 82 81 80 79 78 77 76 75 74 73 110]
 [ 83 50 49 48 47 46 45 44 43 72 109]
 [ 84 51 26 25 24 23 22 21 42 71 108]
 [ 85 52 27 10 9 8 7 20 41 70 107]
 [ 86 53 28 11 2 1 6 19 40 69 106]
 [ 87 54 29 12 3 4 5 18 39 68 105]
 [ 88 55 30 13 14 15 16 17 38 67 104]
 [ 89 56 31 32 33 34 35 36 37 66 103]
 [ 90 57 58 59 60 61 62 63 64 65 102]
 [ 91 92 93 94 95 96 97 98 99 100 101]
],
[ 1 2 3 4 5 6 7 8 9 10 11 12 13 14 15 16 17 18 19 20 21 22 23 24 25 26 27 28 29 30 31 32 33 34 35 36 37 38 39 40 41 42 43 44 45 46 47 48 49 50 51 52 53 54 55 56 57 58 59 60 61 62 63 64 65 66 67 68 69 70 71 72 73 74 75 76 77 78 79 80 81 82 83 84 85 86 87 88 89 90 91 92 93 94 95 96 97 98 99 100 101 102 103 104 105 106 107 108 109 110 111 112 113 114 115 116 117 118 119 120 121 ]
[
 [ 144 143 142 141 140 139 138 137 136 135 134 133]
 [ 101 100 99 98 97 96 95 94 93 92 91 132]
 [ 102 65 64 63 62 61 60 59 58 57 90 131]
 [ 103 66 37 36 35 34 33 32 31 56 89 130]
 [ 104 67 38 17 16 15 14 13 30 55 88 129]
 [ 105 68 39 18 5 4 3 12 29 54 87 128]
 [ 106 69 40 19 6 1 2 11 28 53 86 127]
 [ 107 70 41 20 7 8 9 10 27 52 85 126]
 [ 108 71 42 21 22 23 24 25 26 51 84 125]
 [ 109 72 43 44 45 46 47 48 49 50 83 124]
 [ 110 73 74 75 76 77 78 79 80 81 82 123]
 [ 111 112 113 114 115 116 117 118 119 120 121 122]
],
[ 1 2 3 4 5 6 7 8 9 10 11 12 13 14 15 16 17 18 19 20 21 22 23 24 25 26 27 28 29 30 31 32 33 34 35 36 37 38 39 40 41 42 43 44 45 46 47 48 49 50 51 52 53 54 55 56 57 58 59 60 61 62 63 64 65 66 67 68 69 70 71 72 73 74 75 76 77 78 79 80 81 82 83 84 85 86 87 88 89 90 91 92 93 94 95 96 97 98 99 100 101 102 103 104 105 106 107 108 109 110 111 112 113 114 115 116 117 118 119 120 121 122 123 124 125 126 127 128 129 130 131 132 133 134 135 136 137 138 139 140 141 142 143 144 ]
[
 [ 169 168 167 166 165 164 163 162 161 160 159 158 157]
 [ 122 121 120 119 118 117 116 115 114 113 112 111 156]
 [ 123 82 81 80 79 78 77 76 75 74 73 110 155]
 [ 124 83 50 49 48 47 46 45 44 43 72 109 154]
 [ 125 84 51 26 25 24 23 22 21 42 71 108 153]
 [ 126 85 52 27 10 9 8 7 20 41 70 107 152]
 [ 127 86 53 28 11 2 1 6 19 40 69 106 151]
 [ 128 87 54 29 12 3 4 5 18 39 68 105 150]
 [ 129 88 55 30 13 14 15 16 17 38 67 104 149]
 [ 130 89 56 31 32 33 34 35 36 37 66 103 148]
 [ 131 90 57 58 59 60 61 62 63 64 65 102 147]
 [ 132 91 92 93 94 95 96 97 98 99 100 101 146]
 [ 133 134 135 136 137 138 139 140 141 142 143 144 145]
],
[ 1 2 3 4 5 6 7 8 9 10 11 12 13 14 15 16 17 18 19 20 21 22 23 24 25 26 27 28 29 30 31 32 33 34 35 36 37 38 39 40 41 42 43 44 45 46 47 48 49 50 51 52 53 54 55 56 57 58 59 60 61 62 63 64 65 66 67 68 69 70 71 72 73 74 75 76 77 78 79 80 81 82 83 84 85 86 87 88 89 90 91 92 93 94 95 96 97 98 99 100 101 102 103 104 105 106 107 108 109 110 111 112 113 114 115 116 117 118 119 120 121 122 123 124 125 126 127 128 129 130 131 132 133 134 135 136 137 138 139 140 141 142 143 144 145 146 147 148 149 150 151 152 153 154 155 156 157 158 159 160 161 162 163 164 165 166 167 168 169 ]
[
 [ 196 195 194 193 192 191 190 189 188 187 186 185 184 183]
 [ 145 144 143 142 141 140 139 138 137 136 135 134 133 182]
 [ 146 101 100 99 98 97 96 95 94 93 92 91 132 181]
 [ 147 102 65 64 63 62 61 60 59 58 57 90 131 180]
 [ 148 103 66 37 36 35 34 33 32 31 56 89 130 179]
 [ 149 104 67 38 17 16 15 14 13 30 55 88 129 178]
 [ 150 105 68 39 18 5 4 3 12 29 54 87 128 177]
 [ 151 106 69 40 19 6 1 2 11 28 53 86 127 176]
 [ 152 107 70 41 20 7 8 9 10 27 52 85 126 175]
 [ 153 108 71 42 21 22 23 24 25 26 51 84 125 174]
 [ 154 109 72 43 44 45 46 47 48 49 50 83 124 173]
 [ 155 110 73 74 75 76 77 78 79 80 81 82 123 172]
 [ 156 111 112 113 114 115 116 117 118 119 120 121 122 171]
 [ 157 158 159 160 161 162 163 164 165 166 167 168 169 170]
],
[ 1 2 3 4 5 6 7 8 9 10 11 12 13 14 15 16 17 18 19 20 21 22 23 24 25 26 27 28 29 30 31 32 33 34 35 36 37 38 39 40 41 42 43 44 45 46 47 48 49 50 51 52 53 54 55 56 57 58 59 60 61 62 63 64 65 66 67 68 69 70 71 72 73 74 75 76 77 78 79 80 81 82 83 84 85 86 87 88 89 90 91 92 93 94 95 96 97 98 99 100 101 102 103 104 105 106 107 108 109 110 111 112 113 114 115 116 117 118 119 120 121 122 123 124 125 126 127 128 129 130 131 132 133 134 135 136 137 138 139 140 141 142 143 144 145 146 147 148 149 150 151 152 153 154 155 156 157 158 159 160 161 162 163 164 165 166 167 168 169 170 171 172 173 174 175 176 177 178 179 180 181 182 183 184 185 186 187 188 189 190 191 192 193 194 195 196 ]
[
 [ 225 224 223 222 221 220 219 218 217 216 215 214 213 212 211]
 [ 170 169 168 167 166 165 164 163 162 161 160 159 158 157 210]
 [ 171 122 121 120 119 118 117 116 115 114 113 112 111 156 209]
 [ 172 123 82 81 80 79 78 77 76 75 74 73 110 155 208]
 [ 173 124 83 50 49 48 47 46 45 44 43 72 109 154 207]
 [ 174 125 84 51 26 25 24 23 22 21 42 71 108 153 206]
 [ 175 126 85 52 27 10 9 8 7 20 41 70 107 152 205]
 [ 176 127 86 53 28 11 2 1 6 19 40 69 106 151 204]
 [ 177 128 87 54 29 12 3 4 5 18 39 68 105 150 203]
 [ 178 129 88 55 30 13 14 15 16 17 38 67 104 149 202]
 [ 179 130 89 56 31 32 33 34 35 36 37 66 103 148 201]
 [ 180 131 90 57 58 59 60 61 62 63 64 65 102 147 200]
 [ 181 132 91 92 93 94 95 96 97 98 99 100 101 146 199]
 [ 182 133 134 135 136 137 138 139 140 141 142 143 144 145 198]
 [ 183 184 185 186 187 188 189 190 191 192 193 194 195 196 197]
],
[ 1 2 3 4 5 6 7 8 9 10 11 12 13 14 15 16 17 18 19 20 21 22 23 24 25 26 27 28 29 30 31 32 33 34 35 36 37 38 39 40 41 42 43 44 45 46 47 48 49 50 51 52 53 54 55 56 57 58 59 60 61 62 63 64 65 66 67 68 69 70 71 72 73 74 75 76 77 78 79 80 81 82 83 84 85 86 87 88 89 90 91 92 93 94 95 96 97 98 99 100 101 102 103 104 105 106 107 108 109 110 111 112 113 114 115 116 117 118 119 120 121 122 123 124 125 126 127 128 129 130 131 132 133 134 135 136 137 138 139 140 141 142 143 144 145 146 147 148 149 150 151 152 153 154 155 156 157 158 159 160 161 162 163 164 165 166 167 168 169 170 171 172 173 174 175 176 177 178 179 180 181 182 183 184 185 186 187 188 189 190 191 192 193 194 195 196 197 198 199 200 201 202 203 204 205 206 207 208 209 210 211 212 213 214 215 216 217 218 219 220 221 222 223 224 225 ]
[
 [ 256 255 254 253 252 251 250 249 248 247 246 245 244 243 242 241]
 [ 197 196 195 194 193 192 191 190 189 188 187 186 185 184 183 240]
 [ 198 145 144 143 142 141 140 139 138 137 136 135 134 133 182 239]
 [ 199 146 101 100 99 98 97 96 95 94 93 92 91 132 181 238]
 [ 200 147 102 65 64 63 62 61 60 59 58 57 90 131 180 237]
 [ 201 148 103 66 37 36 35 34 33 32 31 56 89 130 179 236]
 [ 202 149 104 67 38 17 16 15 14 13 30 55 88 129 178 235]
 [ 203 150 105 68 39 18 5 4 3 12 29 54 87 128 177 234]
 [ 204 151 106 69 40 19 6 1 2 11 28 53 86 127 176 233]
 [ 205 152 107 70 41 20 7 8 9 10 27 52 85 126 175 232]
 [ 206 153 108 71 42 21 22 23 24 25 26 51 84 125 174 231]
 [ 207 154 109 72 43 44 45 46 47 48 49 50 83 124 173 230]
 [ 208 155 110 73 74 75 76 77 78 79 80 81 82 123 172 229]
 [ 209 156 111 112 113 114 115 116 117 118 119 120 121 122 171 228]
 [ 210 157 158 159 160 161 162 163 164 165 166 167 168 169 170 227]
 [ 211 212 213 214 215 216 217 218 219 220 221 222 223 224 225 226]
],
[ 1 2 3 4 5 6 7 8 9 10 11 12 13 14 15 16 17 18 19 20 21 22 23 24 25 26 27 28 29 30 31 32 33 34 35 36 37 38 39 40 41 42 43 44 45 46 47 48 49 50 51 52 53 54 55 56 57 58 59 60 61 62 63 64 65 66 67 68 69 70 71 72 73 74 75 76 77 78 79 80 81 82 83 84 85 86 87 88 89 90 91 92 93 94 95 96 97 98 99 100 101 102 103 104 105 106 107 108 109 110 111 112 113 114 115 116 117 118 119 120 121 122 123 124 125 126 127 128 129 130 131 132 133 134 135 136 137 138 139 140 141 142 143 144 145 146 147 148 149 150 151 152 153 154 155 156 157 158 159 160 161 162 163 164 165 166 167 168 169 170 171 172 173 174 175 176 177 178 179 180 181 182 183 184 185 186 187 188 189 190 191 192 193 194 195 196 197 198 199 200 201 202 203 204 205 206 207 208 209 210 211 212 213 214 215 216 217 218 219 220 221 222 223 224 225 226 227 228 229 230 231 232 233 234 235 236 237 238 239 240 241 242 243 244 245 246 247 248 249 250 251 252 253 254 255 256 ]
[
 [ 289 288 287 286 285 284 283 282 281 280 279 278 277 276 275 274 273]
 [ 226 225 224 223 222 221 220 219 218 217 216 215 214 213 212 211 272]
 [ 227 170 169 168 167 166 165 164 163 162 161 160 159 158 157 210 271]
 [ 228 171 122 121 120 119 118 117 116 115 114 113 112 111 156 209 270]
 [ 229 172 123 82 81 80 79 78 77 76 75 74 73 110 155 208 269]
 [ 230 173 124 83 50 49 48 47 46 45 44 43 72 109 154 207 268]
 [ 231 174 125 84 51 26 25 24 23 22 21 42 71 108 153 206 267]
 [ 232 175 126 85 52 27 10 9 8 7 20 41 70 107 152 205 266]
 [ 233 176 127 86 53 28 11 2 1 6 19 40 69 106 151 204 265]
 [ 234 177 128 87 54 29 12 3 4 5 18 39 68 105 150 203 264]
 [ 235 178 129 88 55 30 13 14 15 16 17 38 67 104 149 202 263]
 [ 236 179 130 89 56 31 32 33 34 35 36 37 66 103 148 201 262]
 [ 237 180 131 90 57 58 59 60 61 62 63 64 65 102 147 200 261]
 [ 238 181 132 91 92 93 94 95 96 97 98 99 100 101 146 199 260]
 [ 239 182 133 134 135 136 137 138 139 140 141 142 143 144 145 198 259]
 [ 240 183 184 185 186 187 188 189 190 191 192 193 194 195 196 197 258]
 [ 241 242 243 244 245 246 247 248 249 250 251 252 253 254 255 256 257]
],
[ 1 2 3 4 5 6 7 8 9 10 11 12 13 14 15 16 17 18 19 20 21 22 23 24 25 26 27 28 29 30 31 32 33 34 35 36 37 38 39 40 41 42 43 44 45 46 47 48 49 50 51 52 53 54 55 56 57 58 59 60 61 62 63 64 65 66 67 68 69 70 71 72 73 74 75 76 77 78 79 80 81 82 83 84 85 86 87 88 89 90 91 92 93 94 95 96 97 98 99 100 101 102 103 104 105 106 107 108 109 110 111 112 113 114 115 116 117 118 119 120 121 122 123 124 125 126 127 128 129 130 131 132 133 134 135 136 137 138 139 140 141 142 143 144 145 146 147 148 149 150 151 152 153 154 155 156 157 158 159 160 161 162 163 164 165 166 167 168 169 170 171 172 173 174 175 176 177 178 179 180 181 182 183 184 185 186 187 188 189 190 191 192 193 194 195 196 197 198 199 200 201 202 203 204 205 206 207 208 209 210 211 212 213 214 215 216 217 218 219 220 221 222 223 224 225 226 227 228 229 230 231 232 233 234 235 236 237 238 239 240 241 242 243 244 245 246 247 248 249 250 251 252 253 254 255 256 257 258 259 260 261 262 263 264 265 266 267 268 269 270 271 272 273 274 275 276 277 278 279 280 281 282 283 284 285 286 287 288 289 ]
[
 [ 324 323 322 321 320 319 318 317 316 315 314 313 312 311 310 309 308 307]
 [ 257 256 255 254 253 252 251 250 249 248 247 246 245 244 243 242 241 306]
 [ 258 197 196 195 194 193 192 191 190 189 188 187 186 185 184 183 240 305]
 [ 259 198 145 144 143 142 141 140 139 138 137 136 135 134 133 182 239 304]
 [ 260 199 146 101 100 99 98 97 96 95 94 93 92 91 132 181 238 303]
 [ 261 200 147 102 65 64 63 62 61 60 59 58 57 90 131 180 237 302]
 [ 262 201 148 103 66 37 36 35 34 33 32 31 56 89 130 179 236 301]
 [ 263 202 149 104 67 38 17 16 15 14 13 30 55 88 129 178 235 300]
 [ 264 203 150 105 68 39 18 5 4 3 12 29 54 87 128 177 234 299]
 [ 265 204 151 106 69 40 19 6 1 2 11 28 53 86 127 176 233 298]
 [ 266 205 152 107 70 41 20 7 8 9 10 27 52 85 126 175 232 297]
 [ 267 206 153 108 71 42 21 22 23 24 25 26 51 84 125 174 231 296]
 [ 268 207 154 109 72 43 44 45 46 47 48 49 50 83 124 173 230 295]
 [ 269 208 155 110 73 74 75 76 77 78 79 80 81 82 123 172 229 294]
 [ 270 209 156 111 112 113 114 115 116 117 118 119 120 121 122 171 228 293]
 [ 271 210 157 158 159 160 161 162 163 164 165 166 167 168 169 170 227 292]
 [ 272 211 212 213 214 215 216 217 218 219 220 221 222 223 224 225 226 291]
 [ 273 274 275 276 277 278 279 280 281 282 283 284 285 286 287 288 289 290]
],
[ 1 2 3 4 5 6 7 8 9 10 11 12 13 14 15 16 17 18 19 20 21 22 23 24 25 26 27 28 29 30 31 32 33 34 35 36 37 38 39 40 41 42 43 44 45 46 47 48 49 50 51 52 53 54 55 56 57 58 59 60 61 62 63 64 65 66 67 68 69 70 71 72 73 74 75 76 77 78 79 80 81 82 83 84 85 86 87 88 89 90 91 92 93 94 95 96 97 98 99 100 101 102 103 104 105 106 107 108 109 110 111 112 113 114 115 116 117 118 119 120 121 122 123 124 125 126 127 128 129 130 131 132 133 134 135 136 137 138 139 140 141 142 143 144 145 146 147 148 149 150 151 152 153 154 155 156 157 158 159 160 161 162 163 164 165 166 167 168 169 170 171 172 173 174 175 176 177 178 179 180 181 182 183 184 185 186 187 188 189 190 191 192 193 194 195 196 197 198 199 200 201 202 203 204 205 206 207 208 209 210 211 212 213 214 215 216 217 218 219 220 221 222 223 224 225 226 227 228 229 230 231 232 233 234 235 236 237 238 239 240 241 242 243 244 245 246 247 248 249 250 251 252 253 254 255 256 257 258 259 260 261 262 263 264 265 266 267 268 269 270 271 272 273 274 275 276 277 278 279 280 281 282 283 284 285 286 287 288 289 290 291 292 293 294 295 296 297 298 299 300 301 302 303 304 305 306 307 308 309 310 311 312 313 314 315 316 317 318 319 320 321 322 323 324 ]
[
 [ 361 360 359 358 357 356 355 354 353 352 351 350 349 348 347 346 345 344 343]
 [ 290 289 288 287 286 285 284 283 282 281 280 279 278 277 276 275 274 273 342]
 [ 291 226 225 224 223 222 221 220 219 218 217 216 215 214 213 212 211 272 341]
 [ 292 227 170 169 168 167 166 165 164 163 162 161 160 159 158 157 210 271 340]
 [ 293 228 171 122 121 120 119 118 117 116 115 114 113 112 111 156 209 270 339]
 [ 294 229 172 123 82 81 80 79 78 77 76 75 74 73 110 155 208 269 338]
 [ 295 230 173 124 83 50 49 48 47 46 45 44 43 72 109 154 207 268 337]
 [ 296 231 174 125 84 51 26 25 24 23 22 21 42 71 108 153 206 267 336]
 [ 297 232 175 126 85 52 27 10 9 8 7 20 41 70 107 152 205 266 335]
 [ 298 233 176 127 86 53 28 11 2 1 6 19 40 69 106 151 204 265 334]
 [ 299 234 177 128 87 54 29 12 3 4 5 18 39 68 105 150 203 264 333]
 [ 300 235 178 129 88 55 30 13 14 15 16 17 38 67 104 149 202 263 332]
 [ 301 236 179 130 89 56 31 32 33 34 35 36 37 66 103 148 201 262 331]
 [ 302 237 180 131 90 57 58 59 60 61 62 63 64 65 102 147 200 261 330]
 [ 303 238 181 132 91 92 93 94 95 96 97 98 99 100 101 146 199 260 329]
 [ 304 239 182 133 134 135 136 137 138 139 140 141 142 143 144 145 198 259 328]
 [ 305 240 183 184 185 186 187 188 189 190 191 192 193 194 195 196 197 258 327]
 [ 306 241 242 243 244 245 246 247 248 249 250 251 252 253 254 255 256 257 326]
 [ 307 308 309 310 311 312 313 314 315 316 317 318 319 320 321 322 323 324 325]
],
[ 1 2 3 4 5 6 7 8 9 10 11 12 13 14 15 16 17 18 19 20 21 22 23 24 25 26 27 28 29 30 31 32 33 34 35 36 37 38 39 40 41 42 43 44 45 46 47 48 49 50 51 52 53 54 55 56 57 58 59 60 61 62 63 64 65 66 67 68 69 70 71 72 73 74 75 76 77 78 79 80 81 82 83 84 85 86 87 88 89 90 91 92 93 94 95 96 97 98 99 100 101 102 103 104 105 106 107 108 109 110 111 112 113 114 115 116 117 118 119 120 121 122 123 124 125 126 127 128 129 130 131 132 133 134 135 136 137 138 139 140 141 142 143 144 145 146 147 148 149 150 151 152 153 154 155 156 157 158 159 160 161 162 163 164 165 166 167 168 169 170 171 172 173 174 175 176 177 178 179 180 181 182 183 184 185 186 187 188 189 190 191 192 193 194 195 196 197 198 199 200 201 202 203 204 205 206 207 208 209 210 211 212 213 214 215 216 217 218 219 220 221 222 223 224 225 226 227 228 229 230 231 232 233 234 235 236 237 238 239 240 241 242 243 244 245 246 247 248 249 250 251 252 253 254 255 256 257 258 259 260 261 262 263 264 265 266 267 268 269 270 271 272 273 274 275 276 277 278 279 280 281 282 283 284 285 286 287 288 289 290 291 292 293 294 295 296 297 298 299 300 301 302 303 304 305 306 307 308 309 310 311 312 313 314 315 316 317 318 319 320 321 322 323 324 325 326 327 328 329 330 331 332 333 334 335 336 337 338 339 340 341 342 343 344 345 346 347 348 349 350 351 352 353 354 355 356 357 358 359 360 361 ]
