[
[1 0 1 1 1 1 0 1 1 1]
[1 0 1 0 1 1 1 0 1 1]
[1 1 1 0 1 1 0 1 0 1]
[0 0 0 0 1 0 0 1 0 0]
[1 0 0 0 1 1 1 1 1 1]
[1 1 1 1 1 1 1 1 1 0]
[1 0 0 0 1 0 0 1 0 1]
[1 0 1 1 1 1 0 0 1 1]
[1 1 0 0 1 0 0 0 0 1]
[1 0 1 1 1 1 0 1 0 0]
]
(0 0)
(5 7)
22
[
[1 1 1 1 1 0 0 1 1 1]
[0 1 1 1 1 1 0 1 0 1]
[0 0 1 0 1 1 1 0 0 1]
[1 0 1 1 1 0 1 1 0 1]
[0 0 0 1 0 0 0 1 0 1]
[1 0 1 1 1 0 0 1 1 0]
[0 0 0 0 1 0 0 1 0 1]
[0 1 1 1 1 1 1 1 0 0]
[1 1 1 1 1 0 0 1 1 1]
[0 0 1 0 0 1 1 0 0 1]
]
(9 8)
(0 0)
0
[
[1 0 0 0 0]
[1 0 0 0 0]
[1 0 0 0 0]
[1 0 0 0 0]
[1 1 1 1 1]
]
(0 0)
(4 4)
8
