[
    [7, 1, 3, 5, 3, 6, 1, 1, 7, 5],
    [2, 3, 6, 1, 1, 6, 6, 6, 1, 2],
    [6, 1, 7, 2, 1, 4, 7, 6, 6, 2],
    [6, 6, 7, 1, 3, 3, 5, 1, 3, 4],
    [5, 5, 6, 1, 5, 4, 6, 1, 7, 4],
    [3, 5, 5, 2, 7, 5, 3, 4, 3, 6],
    [4, 1, 4, 3, 6, 4, 5, 3, 2, 6],
    [4, 4, 1, 7, 4, 3, 3, 1, 4, 2],
    [4, 4, 5, 1, 5, 2, 3, 5, 3, 5],
    [3, 6, 3, 5, 2, 2, 6, 4, 2, 1]
], {
 [(0, 0) (7, 0) (3, 0) (9, 0) (6, 0) (2, 0) (8, 0) (4, 0) (4, 5) (0, 5) (6, 5) (2, 5) (2, 1) (1, 1) (4, 1) (9, 1) (3, 1) (3, 7) (2, 7) (8, 7) (8, 2) (3, 2) (3, 9) (7, 9) (9, 9)],
 [(0, 0) (7, 0) (3, 0) (9, 0) (6, 0) (2, 0) (8, 0) (4, 0) (4, 5) (8, 5) (6, 5) (2, 5) (2, 9) (4, 9) (8, 9) (3, 9) (7, 9) (9, 9)]
}
