[
    [ 3, -4,  6, -5,  1],
    [ 1, -2,  8, -4, -2],
    [ 3, -8,  9,  3,  1],
    [-7,  3,  4,  2,  7],
    [-3,  7, -5,  7, -6]
], 2,
[
    [9, 3],
    [4, 2]
]
[
    [ 3, -4,  6, -5,  1],
    [ 1, -2,  8, -4, -2],
    [ 3, -8,  9,  3,  1],
    [-7,  3,  4,  2,  7],
    [-3,  7, -5,  7, -6]
], 3,
[
    [8, -4, -2],
    [9,  3,  1],
    [4,  2,  7]
]
[
 [ 3 -4 6 -5 1 ]
 [ 1 -2 8 -4 -2 ]
 [ 3 -8 9 3 1 ]
 [ -7 3 4 2 7 ]
 [ -3 7 -5 7 -6 ]
], 2, [
 [ 9 3 ]
 [ 4 2 ]
]
[
 [ 3 -4 6 -5 1 ]
 [ 1 -2 8 -4 -2 ]
 [ 3 -8 9 3 1 ]
 [ -7 3 4 2 7 ]
 [ -3 7 -5 7 -6 ]
], 3, [
 [ 8 -4 -2 ]
 [ 9 3 1 ]
 [ 4 2 7 ]
]
[
 [ 3 -4 6 -5 1 ]
 [ 1 -2 8 -4 -2 ]
 [ 3 -8 9 3 1 ]
 [ -7 3 4 2 7 ]
 [ -3 7 -5 7 -6 ]
], 1, [
 [ 9 ]
]
[
 [ 3 -4 6 -5 1 ]
 [ 1 -2 8 -4 -2 ]
 [ 3 -8 9 3 1 ]
 [ -7 3 4 2 7 ]
 [ -3 7 -5 7 -6 ]
], 4, [
 [ -2 8 -4 -2 ]
 [ -8 9 3 1 ]
 [ 3 4 2 7 ]
 [ 7 -5 7 -6 ]
]
[
 [ 1 2 3 4 5 ]
 [ 4 5 6 7 6 ]
 [ 3 0 9 8 7 ]
 [ 2 1 0 9 8 ]
], 2, [
 [ 8 7 ]
 [ 9 8 ]
]
[
 [ 1 2 3 4 5 ]
 [ 4 5 6 7 6 ]
 [ 3 0 9 8 7 ]
 [ 2 1 0 9 8 ]
], 3, [
 [ 6 7 6 ]
 [ 9 8 7 ]
 [ 0 9 8 ]
]
[
 [ 1 2 3 ]
 [ 4 5 6 ]
 [ 7 8 9 ]
 [ 0 1 2 ]
], 1, [
 [ 9 ]
]
[
], 1, []
[
 [ 1 2 3 ]
 [ 4 5 6 ]
 [ 7 8 9 ]
 [ 0 1 2 ]
], 2, [
 [ 5 6 ]
 [ 8 9 ]
]
[
 [ 1 2 3 4 5 ]
 [ 4 5 6 7 6 ]
 [ 3 0 9 8 7 ]
], 1, [
 [ 9 ]
]
[
 [ 1 2 3 4 5 ]
 [ 4 5 6 7 6 ]
 [ 3 0 9 8 7 ]
], 2, [
 [ 6 7 ]
 [ 9 8 ]
]
[
 [ 1 2 3 4 ]
 [ 2 3 4 5 ]
 [ 1 6 5 6 ]
], 2, [
 [ 4 5 ]
 [ 5 6 ]
]
[
 [ 1 2 3 4 5 ]
 [ 6 7 8 9 6 ]
 [ 5 4 5 0 7 ]
 [ 4 3 2 1 8 ]
], 1, [
 [ 9 ]
]
[
 [ 1 2 3 4 5 ]
 [ 6 7 8 9 6 ]
 [ 5 4 5 0 7 ]
 [ 4 3 2 1 8 ]
], 3, [
 [ 3 4 5 ]
 [ 8 9 6 ]
 [ 5 0 7 ]
]
[
 [ 1 2 3 4 5 6 ]
 [ 0 1 2 3 4 7 ]
 [ 9 2 3 4 5 8 ]
 [ 8 1 6 5 6 9 ]
 [ 7 0 9 8 7 0 ]
], 3, [
 [ 3 4 5 ]
 [ 6 5 6 ]
 [ 9 8 7 ]
]
[
 [ 1 2 3 4 5 6 ]
 [ 0 1 2 3 4 7 ]
 [ 9 2 3 4 5 8 ]
 [ 8 1 6 5 6 9 ]
 [ 7 0 9 8 7 0 ]
], 4, [
 [ 2 3 4 7 ]
 [ 3 4 5 8 ]
 [ 6 5 6 9 ]
 [ 9 8 7 0 ]
]
[
 [ 1 2 3 4 5 6 7 ]
 [ 4 5 6 7 8 9 8 ]
 [ 3 0 1 2 3 0 9 ]
 [ 2 9 8 9 4 1 0 ]
 [ 1 8 7 6 5 2 1 ]
 [ 0 7 6 5 4 3 2 ]
], 2, [
 [ 9 8 ]
 [ 8 7 ]
]
[
 [ 1 2 3 4 5 6 7 ]
 [ 4 5 6 7 8 9 8 ]
 [ 3 0 1 2 3 0 9 ]
 [ 2 9 8 9 4 1 0 ]
 [ 1 8 7 6 5 2 1 ]
 [ 0 7 6 5 4 3 2 ]
], 3, [
 [ 9 8 9 ]
 [ 8 7 6 ]
 [ 7 6 5 ]
]
[
 [ 1 2 3 4 5 6 7 ]
 [ 4 5 6 7 8 9 8 ]
 [ 3 0 1 2 3 0 9 ]
 [ 2 9 8 9 4 1 0 ]
 [ 1 8 7 6 5 2 1 ]
 [ 0 7 6 5 4 3 2 ]
], 4, [
 [ 5 6 7 8 ]
 [ 0 1 2 3 ]
 [ 9 8 9 4 ]
 [ 8 7 6 5 ]
]
[
 [ 1 2 3 4 5 6 7 ]
 [ 4 5 6 7 8 9 8 ]
 [ 3 0 1 2 3 0 9 ]
 [ 2 9 8 9 4 1 0 ]
 [ 1 8 7 6 5 2 1 ]
 [ 0 7 6 5 4 3 2 ]
], 5, [
 [ 5 6 7 8 9 ]
 [ 0 1 2 3 0 ]
 [ 9 8 9 4 1 ]
 [ 8 7 6 5 2 ]
 [ 7 6 5 4 3 ]
]
[
 [ 1 2 3 4 5 6 7 8 ]
 [ 8 9 0 1 2 3 4 9 ]
 [ 7 8 9 0 1 2 5 0 ]
 [ 6 7 0 1 2 3 6 1 ]
 [ 5 6 9 4 3 4 7 2 ]
 [ 4 5 8 7 6 5 8 3 ]
 [ 3 4 3 2 1 0 9 4 ]
], 2, [
 [ 8 9 ]
 [ 7 8 ]
]
[
 [ 1 2 3 4 5 6 7 8 ]
 [ 8 9 0 1 2 3 4 9 ]
 [ 7 8 9 0 1 2 5 0 ]
 [ 6 7 0 1 2 3 6 1 ]
 [ 5 6 9 4 3 4 7 2 ]
 [ 4 5 8 7 6 5 8 3 ]
 [ 3 4 3 2 1 0 9 4 ]
], 3, [
 [ 7 8 9 ]
 [ 6 7 0 ]
 [ 5 6 9 ]
]
[
 [ 1 2 3 4 5 6 7 8 ]
 [ 8 9 0 1 2 3 4 9 ]
 [ 7 8 9 0 1 2 5 0 ]
 [ 6 7 0 1 2 3 6 1 ]
 [ 5 6 9 4 3 4 7 2 ]
 [ 4 5 8 7 6 5 8 3 ]
 [ 3 4 3 2 1 0 9 4 ]
], 4, [
 [ 7 8 9 0 ]
 [ 6 7 0 1 ]
 [ 5 6 9 4 ]
 [ 4 5 8 7 ]
]
[
 [ 1 2 3 4 5 6 7 8 ]
 [ 8 9 0 1 2 3 4 9 ]
 [ 7 8 9 0 1 2 5 0 ]
 [ 6 7 0 1 2 3 6 1 ]
 [ 5 6 9 4 3 4 7 2 ]
 [ 4 5 8 7 6 5 8 3 ]
 [ 3 4 3 2 1 0 9 4 ]
], 5, [
 [ 8 9 0 1 2 ]
 [ 7 8 9 0 1 ]
 [ 6 7 0 1 2 ]
 [ 5 6 9 4 3 ]
 [ 4 5 8 7 6 ]
]
[
 [ 1 2 3 4 5 6 7 8 ]
 [ 8 9 0 1 2 3 4 9 ]
 [ 7 8 9 0 1 2 5 0 ]
 [ 6 7 0 1 2 3 6 1 ]
 [ 5 6 9 4 3 4 7 2 ]
 [ 4 5 8 7 6 5 8 3 ]
 [ 3 4 3 2 1 0 9 4 ]
], 6, [
 [ 2 3 4 5 6 7 ]
 [ 9 0 1 2 3 4 ]
 [ 8 9 0 1 2 5 ]
 [ 7 0 1 2 3 6 ]
 [ 6 9 4 3 4 7 ]
 [ 5 8 7 6 5 8 ]
]
[
 [ 1 2 3 4 5 6 7 8 9 ]
 [ 2 3 4 5 6 7 8 9 0 ]
 [ 1 6 7 8 9 0 1 0 1 ]
 [ 0 5 2 3 4 5 2 1 2 ]
 [ 9 4 1 0 1 6 3 2 3 ]
 [ 8 3 0 9 8 7 4 3 4 ]
 [ 7 2 9 8 7 6 5 4 5 ]
 [ 6 1 0 9 8 7 6 5 6 ]
], 3, [
 [ 9 8 7 ]
 [ 8 7 6 ]
 [ 9 8 7 ]
]
[
 [ 1 2 3 4 5 6 7 8 9 ]
 [ 2 3 4 5 6 7 8 9 0 ]
 [ 1 6 7 8 9 0 1 0 1 ]
 [ 0 5 2 3 4 5 2 1 2 ]
 [ 9 4 1 0 1 6 3 2 3 ]
 [ 8 3 0 9 8 7 4 3 4 ]
 [ 7 2 9 8 7 6 5 4 5 ]
 [ 6 1 0 9 8 7 6 5 6 ]
], 4, [
 [ 0 1 6 3 ]
 [ 9 8 7 4 ]
 [ 8 7 6 5 ]
 [ 9 8 7 6 ]
]
[
 [ 1 2 3 4 5 6 7 8 9 ]
 [ 2 3 4 5 6 7 8 9 0 ]
 [ 1 6 7 8 9 0 1 0 1 ]
 [ 0 5 2 3 4 5 2 1 2 ]
 [ 9 4 1 0 1 6 3 2 3 ]
 [ 8 3 0 9 8 7 4 3 4 ]
 [ 7 2 9 8 7 6 5 4 5 ]
 [ 6 1 0 9 8 7 6 5 6 ]
], 5, [
 [ 3 4 5 2 1 ]
 [ 0 1 6 3 2 ]
 [ 9 8 7 4 3 ]
 [ 8 7 6 5 4 ]
 [ 9 8 7 6 5 ]
]
[
 [ 1 2 3 4 5 6 7 8 9 ]
 [ 2 3 4 5 6 7 8 9 0 ]
 [ 1 6 7 8 9 0 1 0 1 ]
 [ 0 5 2 3 4 5 2 1 2 ]
 [ 9 4 1 0 1 6 3 2 3 ]
 [ 8 3 0 9 8 7 4 3 4 ]
 [ 7 2 9 8 7 6 5 4 5 ]
 [ 6 1 0 9 8 7 6 5 6 ]
], 6, [
 [ 1 6 7 8 9 0 ]
 [ 0 5 2 3 4 5 ]
 [ 9 4 1 0 1 6 ]
 [ 8 3 0 9 8 7 ]
 [ 7 2 9 8 7 6 ]
 [ 6 1 0 9 8 7 ]
]
[
 [ 1 2 3 4 5 6 7 8 9 ]
 [ 2 3 4 5 6 7 8 9 0 ]
 [ 1 6 7 8 9 0 1 0 1 ]
 [ 0 5 2 3 4 5 2 1 2 ]
 [ 9 4 1 0 1 6 3 2 3 ]
 [ 8 3 0 9 8 7 4 3 4 ]
 [ 7 2 9 8 7 6 5 4 5 ]
 [ 6 1 0 9 8 7 6 5 6 ]
], 7, [
 [ 2 3 4 5 6 7 8 ]
 [ 1 6 7 8 9 0 1 ]
 [ 0 5 2 3 4 5 2 ]
 [ 9 4 1 0 1 6 3 ]
 [ 8 3 0 9 8 7 4 ]
 [ 7 2 9 8 7 6 5 ]
 [ 6 1 0 9 8 7 6 ]
]
[
 [ 7 1 3 5 3 6 ]
 [ 2 3 6 1 1 6 ]
 [ 6 1 7 2 1 4 ]
 [ 6 6 7 1 3 3 ]
 [ 5 5 6 1 5 4 ]
 [ 3 5 6 2 7 1 ]
 [ 4 1 4 3 6 4 ]
 [ 4 6 1 7 4 3 ]
], 2, [
 [ 6 7 ]
 [ 5 6 ]
]
[
 [ 7 1 3 5 3 6 ]
 [ 2 3 6 1 1 6 ]
 [ 6 1 7 2 1 4 ]
 [ 6 6 7 1 3 3 ]
 [ 5 5 6 1 5 4 ]
 [ 3 5 6 2 7 1 ]
 [ 4 1 4 3 6 4 ]
 [ 4 6 1 7 4 3 ]
], 5, [
 [ 6 6 7 1 3 ]
 [ 5 5 6 1 5 ]
 [ 3 5 6 2 7 ]
 [ 4 1 4 3 6 ]
 [ 4 6 1 7 4 ]
]
[
 [ 2 4 3 8 7 ]
 [ 4 7 1 3 6 ]
 [ 3 5 2 1 3 ]
 [ 4 5 0 2 3 ]
], 1, [
 [ 8 ]
]
[
 [ 2 4 3 8 7 ]
 [ 4 7 1 3 6 ]
 [ 3 5 2 1 3 ]
 [ 4 5 0 2 3 ]
], 2, [
 [ 8 7 ]
 [ 3 6 ]
]
[
 [ 3 3 0 1 2 ]
 [ 5 3 3 0 1 ]
 [ 5 5 3 3 0 ]
 [ 4 5 5 3 3 ]
], 2, [
 [ 5 5 ]
 [ 4 5 ]
]
[
 [ 3 3 0 1 2 ]
 [ 5 3 3 0 1 ]
 [ 5 5 3 3 0 ]
 [ 4 5 5 3 3 ]
], 3, [
 [ 5 3 3 ]
 [ 5 5 3 ]
 [ 4 5 5 ]
]
[
 [ -3 3 0 1 2 ]
 [ 5 -3 3 0 1 ]
 [ 5 5 -3 3 0 ]
 [ 4 5 5 -3 3 ]
], 2, [
 [ 5 5 ]
 [ 4 5 ]
]
[
 [ -3 3 0 1 2 ]
 [ 5 -3 3 0 1 ]
 [ 5 5 -3 3 0 ]
 [ 4 5 5 -3 3 ]
], 3, [
 [ 5 -3 3 ]
 [ 5 5 -3 ]
 [ 4 5 5 ]
]
[
 [ -3 -3 0 1 1 ]
 [ 5 -3 -3 0 1 ]
 [ 5 5 -3 -3 0 ]
 [ 4 5 5 -3 -3 ]
], 2, [
 [ 5 5 ]
 [ 4 5 ]
]
[
 [ -3 -3 0 1 1 ]
 [ 5 -3 -3 0 1 ]
 [ 5 5 -3 -3 0 ]
 [ 4 5 5 -3 -3 ]
], 3, [
 [ 5 -3 -3 ]
 [ 5 5 -3 ]
 [ 4 5 5 ]
]
[
 [ 3 3 0 1 2 ]
 [ 5 3 3 0 1 ]
 [ 5 5 3 4 0 ]
 [ 4 5 5 3 3 ]
], 2, [
 [ 5 5 ]
 [ 4 5 ]
]
[
 [ 3 3 0 1 2 ]
 [ 5 3 3 0 1 ]
 [ 5 5 3 4 0 ]
 [ 4 5 5 3 3 ]
], 3, [
 [ 5 3 3 ]
 [ 5 5 3 ]
 [ 4 5 5 ]
]
[
 [ -3 -3 0 -1 -2 ]
 [ -5 -3 -3 0 -1 ]
 [ -5 -5 -3 -3 0 ]
 [ -4 -5 -5 -3 -3 ]
], 3, [
 [ 0 -1 -2 ]
 [ -3 0 -1 ]
 [ -3 -3 0 ]
]
[
 [ -3 -3 0 -1 -1 ]
 [ -5 -3 -3 0 -1 ]
 [ -5 -5 -3 -3 0 ]
 [ -4 -5 -5 -3 -3 ]
], 2, [
 [ -1 -1 ]
 [ 0 -1 ]
]
[
 [ -3 -3 0 -1 -1 ]
 [ -5 -3 -3 0 -1 ]
 [ -5 -5 -3 -3 0 ]
 [ -4 -5 -5 -3 -3 ]
], 3, [
 [ 0 -1 -1 ]
 [ -3 0 -1 ]
 [ -3 -3 0 ]
]
[
 [ 3 3 1 3 5 ]
 [ 1 1 2 4 5 ]
 [ 1 2 3 5 2 ]
 [ 3 4 3 2 1 ]
], 2, [
 [ 3 5 ]
 [ 4 5 ]
]
[
 [ 3 3 1 3 5 ]
 [ 1 1 2 4 5 ]
 [ 1 2 3 5 2 ]
 [ 3 4 3 2 1 ]
], 3, [
 [ 1 3 5 ]
 [ 2 4 5 ]
 [ 3 5 2 ]
]
[
 [ 1 1 1 3 5 ]
 [ 1 1 2 4 5 ]
 [ 1 2 3 5 2 ]
 [ 3 4 3 2 1 ]
], 2, [
 [ 3 5 ]
 [ 4 5 ]
]
[
 [ 1 1 1 3 5 ]
 [ 1 1 2 4 5 ]
 [ 1 2 3 5 2 ]
 [ 3 4 3 2 1 ]
], 3, [
 [ 1 3 5 ]
 [ 2 4 5 ]
 [ 3 5 2 ]
]
[
 [ 3 5 3 2 1 ]
 [ 5 1 2 4 5 ]
 [ 4 2 3 5 2 ]
 [ 3 4 3 2 1 ]
], 2, [
 [ 4 5 ]
 [ 5 2 ]
]
[
 [ 3 5 3 2 1 ]
 [ 5 1 2 4 5 ]
 [ 4 2 3 5 2 ]
 [ 3 4 3 2 1 ]
], 3, [
 [ 3 5 3 ]
 [ 5 1 2 ]
 [ 4 2 3 ]
]
[
 [ 1 3 5 ]
 [ 2 4 5 ]
 [ 3 5 2 ]
 [ 3 2 1 ]
], 2, [
 [ 3 5 ]
 [ 4 5 ]
]
[
 [ 3 3 1 3 5 ]
 [ 3 2 2 4 5 ]
 [ 1 1 3 5 2 ]
 [ 3 4 3 2 1 ]
], 2, [
 [ 3 5 ]
 [ 4 5 ]
]
[
 [ 3 3 1 3 5 ]
 [ 3 2 2 4 5 ]
 [ 1 1 3 5 2 ]
 [ 3 4 3 2 1 ]
], 3, [
 [ 1 3 5 ]
 [ 2 4 5 ]
 [ 3 5 2 ]
]
[
 [ -7 -6 -4 ]
 [ -6 -4 -3 ]
 [ -5 -3 -2 ]
 [ -4 -2 -1 ]
], 1, [
 [ -1 ]
]
[
 [ -7 -6 -4 ]
 [ -6 -4 -3 ]
 [ -5 -3 -2 ]
 [ -4 -2 -1 ]
], 2, [
 [ -3 -2 ]
 [ -2 -1 ]
]
[
 [ -4 -3 -1 3 5 ]
 [ -3 -2 2 4 6 ]
 [ -1 1 3 5 8 ]
 [ 3 4 7 8 9 ]
], 1, [
 [ 9 ]
]
[
 [ -4 -3 -1 3 5 ]
 [ -3 -2 2 4 6 ]
 [ -1 1 3 5 8 ]
 [ 3 4 7 8 9 ]
], 2, [
 [ 5 8 ]
 [ 8 9 ]
]
[
 [ -4 -3 -1 3 5 ]
 [ -3 -2 2 4 6 ]
 [ -1 1 3 5 8 ]
 [ 3 4 7 8 9 ]
], 3, [
 [ 2 4 6 ]
 [ 3 5 8 ]
 [ 7 8 9 ]
]
[
 [ 1 2 3 4 5 ]
 [ 14 15 16 17 6 ]
 [ 13 20 19 18 7 ]
 [ 12 11 10 9 8 ]
], 1, [
 [ 20 ]
]
[
 [ 1 2 3 4 5 ]
 [ 14 15 16 17 6 ]
 [ 13 20 19 18 7 ]
 [ 12 11 10 9 8 ]
], 3, [
 [ 15 16 17 ]
 [ 20 19 18 ]
 [ 11 10 9 ]
]
[
 [ 1 2 3 ]
 [ 4 5 6 ]
 [ 7 8 9 ]
 [ 10 11 12 ]
], 1, [
 [ 12 ]
]
[
 [ 1 2 3 ]
 [ 4 5 6 ]
 [ 7 8 9 ]
 [ 10 11 12 ]
], 2, [
 [ 8 9 ]
 [ 11 12 ]
]
[
 [ 1 2 3 4 ]
 [ 12 13 14 5 ]
 [ 11 16 15 6 ]
 [ 10 9 8 7 ]
], 1, [
 [ 16 ]
]
[
 [ 1 2 3 4 ]
 [ 12 13 14 5 ]
 [ 11 16 15 6 ]
 [ 10 9 8 7 ]
], 2, [
 [ 13 14 ]
 [ 16 15 ]
]
[
 [ 1 2 3 4 ]
 [ 12 13 14 5 ]
 [ 11 16 15 6 ]
 [ 10 9 8 7 ]
], 3, [
 [ 12 13 14 ]
 [ 11 16 15 ]
 [ 10 9 8 ]
]
[
 [ 1 2 3 4 5 ]
 [ 16 17 18 19 6 ]
 [ 15 24 25 20 7 ]
 [ 14 23 22 21 8 ]
 [ 13 12 11 10 9 ]
], 1, [
 [ 25 ]
]
[
 [ 1 2 3 4 5 ]
 [ 16 17 18 19 6 ]
 [ 15 24 25 20 7 ]
 [ 14 23 22 21 8 ]
 [ 13 12 11 10 9 ]
], 2, [
 [ 24 25 ]
 [ 23 22 ]
]
[
 [ 1 2 3 4 5 ]
 [ 16 17 18 19 6 ]
 [ 15 24 25 20 7 ]
 [ 14 23 22 21 8 ]
 [ 13 12 11 10 9 ]
], 3, [
 [ 17 18 19 ]
 [ 24 25 20 ]
 [ 23 22 21 ]
]
[
 [ 1 2 3 4 5 ]
 [ 16 17 18 19 6 ]
 [ 15 24 25 20 7 ]
 [ 14 23 22 21 8 ]
 [ 13 12 11 10 9 ]
], 4, [
 [ 16 17 18 19 ]
 [ 15 24 25 20 ]
 [ 14 23 22 21 ]
 [ 13 12 11 10 ]
]
[
 [ 1 2 3 4 5 6 ]
 [ 20 21 22 23 24 7 ]
 [ 19 32 33 34 25 8 ]
 [ 18 31 36 35 26 9 ]
 [ 17 30 29 28 27 10 ]
 [ 16 15 14 13 12 11 ]
], 1, [
 [ 36 ]
]
[
 [ 1 2 3 4 5 6 ]
 [ 20 21 22 23 24 7 ]
 [ 19 32 33 34 25 8 ]
 [ 18 31 36 35 26 9 ]
 [ 17 30 29 28 27 10 ]
 [ 16 15 14 13 12 11 ]
], 2, [
 [ 33 34 ]
 [ 36 35 ]
]
[
 [ 1 2 3 4 5 6 ]
 [ 20 21 22 23 24 7 ]
 [ 19 32 33 34 25 8 ]
 [ 18 31 36 35 26 9 ]
 [ 17 30 29 28 27 10 ]
 [ 16 15 14 13 12 11 ]
], 3, [
 [ 32 33 34 ]
 [ 31 36 35 ]
 [ 30 29 28 ]
]
[
 [ 1 2 3 4 5 6 ]
 [ 20 21 22 23 24 7 ]
 [ 19 32 33 34 25 8 ]
 [ 18 31 36 35 26 9 ]
 [ 17 30 29 28 27 10 ]
 [ 16 15 14 13 12 11 ]
], 4, [
 [ 21 22 23 24 ]
 [ 32 33 34 25 ]
 [ 31 36 35 26 ]
 [ 30 29 28 27 ]
]
[
 [ 1 2 3 4 5 6 ]
 [ 20 21 22 23 24 7 ]
 [ 19 32 33 34 25 8 ]
 [ 18 31 36 35 26 9 ]
 [ 17 30 29 28 27 10 ]
 [ 16 15 14 13 12 11 ]
], 5, [
 [ 20 21 22 23 24 ]
 [ 19 32 33 34 25 ]
 [ 18 31 36 35 26 ]
 [ 17 30 29 28 27 ]
 [ 16 15 14 13 12 ]
]
[
 [ 1 2 3 4 5 6 7 ]
 [ 24 25 26 27 28 29 8 ]
 [ 23 40 41 42 43 30 9 ]
 [ 22 39 48 49 44 31 10 ]
 [ 21 38 47 46 45 32 11 ]
 [ 20 37 36 35 34 33 12 ]
 [ 19 18 17 16 15 14 13 ]
], 1, [
 [ 49 ]
]
[
 [ 1 2 3 4 5 6 7 ]
 [ 24 25 26 27 28 29 8 ]
 [ 23 40 41 42 43 30 9 ]
 [ 22 39 48 49 44 31 10 ]
 [ 21 38 47 46 45 32 11 ]
 [ 20 37 36 35 34 33 12 ]
 [ 19 18 17 16 15 14 13 ]
], 2, [
 [ 48 49 ]
 [ 47 46 ]
]
[
 [ 1 2 3 4 5 6 7 ]
 [ 24 25 26 27 28 29 8 ]
 [ 23 40 41 42 43 30 9 ]
 [ 22 39 48 49 44 31 10 ]
 [ 21 38 47 46 45 32 11 ]
 [ 20 37 36 35 34 33 12 ]
 [ 19 18 17 16 15 14 13 ]
], 3, [
 [ 41 42 43 ]
 [ 48 49 44 ]
 [ 47 46 45 ]
]
[
 [ 1 2 3 4 5 6 7 ]
 [ 24 25 26 27 28 29 8 ]
 [ 23 40 41 42 43 30 9 ]
 [ 22 39 48 49 44 31 10 ]
 [ 21 38 47 46 45 32 11 ]
 [ 20 37 36 35 34 33 12 ]
 [ 19 18 17 16 15 14 13 ]
], 4, [
 [ 40 41 42 43 ]
 [ 39 48 49 44 ]
 [ 38 47 46 45 ]
 [ 37 36 35 34 ]
]
[
 [ 1 2 3 4 5 6 7 ]
 [ 24 25 26 27 28 29 8 ]
 [ 23 40 41 42 43 30 9 ]
 [ 22 39 48 49 44 31 10 ]
 [ 21 38 47 46 45 32 11 ]
 [ 20 37 36 35 34 33 12 ]
 [ 19 18 17 16 15 14 13 ]
], 5, [
 [ 25 26 27 28 29 ]
 [ 40 41 42 43 30 ]
 [ 39 48 49 44 31 ]
 [ 38 47 46 45 32 ]
 [ 37 36 35 34 33 ]
]
[
 [ 1 2 3 4 5 6 7 ]
 [ 24 25 26 27 28 29 8 ]
 [ 23 40 41 42 43 30 9 ]
 [ 22 39 48 49 44 31 10 ]
 [ 21 38 47 46 45 32 11 ]
 [ 20 37 36 35 34 33 12 ]
 [ 19 18 17 16 15 14 13 ]
], 6, [
 [ 24 25 26 27 28 29 ]
 [ 23 40 41 42 43 30 ]
 [ 22 39 48 49 44 31 ]
 [ 21 38 47 46 45 32 ]
 [ 20 37 36 35 34 33 ]
 [ 19 18 17 16 15 14 ]
]
[
 [ 1 2 3 4 5 6 7 8 ]
 [ 28 29 30 31 32 33 34 9 ]
 [ 27 48 49 50 51 52 35 10 ]
 [ 26 47 60 61 62 53 36 11 ]
 [ 25 46 59 64 63 54 37 12 ]
 [ 24 45 58 57 56 55 38 13 ]
 [ 23 44 43 42 41 40 39 14 ]
 [ 22 21 20 19 18 17 16 15 ]
], 1, [
 [ 64 ]
]
[
 [ 1 2 3 4 5 6 7 8 ]
 [ 28 29 30 31 32 33 34 9 ]
 [ 27 48 49 50 51 52 35 10 ]
 [ 26 47 60 61 62 53 36 11 ]
 [ 25 46 59 64 63 54 37 12 ]
 [ 24 45 58 57 56 55 38 13 ]
 [ 23 44 43 42 41 40 39 14 ]
 [ 22 21 20 19 18 17 16 15 ]
], 2, [
 [ 61 62 ]
 [ 64 63 ]
]
[
 [ 1 2 3 4 5 6 7 8 ]
 [ 28 29 30 31 32 33 34 9 ]
 [ 27 48 49 50 51 52 35 10 ]
 [ 26 47 60 61 62 53 36 11 ]
 [ 25 46 59 64 63 54 37 12 ]
 [ 24 45 58 57 56 55 38 13 ]
 [ 23 44 43 42 41 40 39 14 ]
 [ 22 21 20 19 18 17 16 15 ]
], 3, [
 [ 60 61 62 ]
 [ 59 64 63 ]
 [ 58 57 56 ]
]
[
 [ 1 2 3 4 5 6 7 8 ]
 [ 28 29 30 31 32 33 34 9 ]
 [ 27 48 49 50 51 52 35 10 ]
 [ 26 47 60 61 62 53 36 11 ]
 [ 25 46 59 64 63 54 37 12 ]
 [ 24 45 58 57 56 55 38 13 ]
 [ 23 44 43 42 41 40 39 14 ]
 [ 22 21 20 19 18 17 16 15 ]
], 4, [
 [ 49 50 51 52 ]
 [ 60 61 62 53 ]
 [ 59 64 63 54 ]
 [ 58 57 56 55 ]
]
[
 [ 1 2 3 4 5 6 7 8 ]
 [ 28 29 30 31 32 33 34 9 ]
 [ 27 48 49 50 51 52 35 10 ]
 [ 26 47 60 61 62 53 36 11 ]
 [ 25 46 59 64 63 54 37 12 ]
 [ 24 45 58 57 56 55 38 13 ]
 [ 23 44 43 42 41 40 39 14 ]
 [ 22 21 20 19 18 17 16 15 ]
], 5, [
 [ 48 49 50 51 52 ]
 [ 47 60 61 62 53 ]
 [ 46 59 64 63 54 ]
 [ 45 58 57 56 55 ]
 [ 44 43 42 41 40 ]
]
[
 [ 1 2 3 4 5 6 7 8 ]
 [ 28 29 30 31 32 33 34 9 ]
 [ 27 48 49 50 51 52 35 10 ]
 [ 26 47 60 61 62 53 36 11 ]
 [ 25 46 59 64 63 54 37 12 ]
 [ 24 45 58 57 56 55 38 13 ]
 [ 23 44 43 42 41 40 39 14 ]
 [ 22 21 20 19 18 17 16 15 ]
], 6, [
 [ 29 30 31 32 33 34 ]
 [ 48 49 50 51 52 35 ]
 [ 47 60 61 62 53 36 ]
 [ 46 59 64 63 54 37 ]
 [ 45 58 57 56 55 38 ]
 [ 44 43 42 41 40 39 ]
]
[
 [ 1 2 3 4 5 6 7 8 ]
 [ 28 29 30 31 32 33 34 9 ]
 [ 27 48 49 50 51 52 35 10 ]
 [ 26 47 60 61 62 53 36 11 ]
 [ 25 46 59 64 63 54 37 12 ]
 [ 24 45 58 57 56 55 38 13 ]
 [ 23 44 43 42 41 40 39 14 ]
 [ 22 21 20 19 18 17 16 15 ]
], 7, [
 [ 28 29 30 31 32 33 34 ]
 [ 27 48 49 50 51 52 35 ]
 [ 26 47 60 61 62 53 36 ]
 [ 25 46 59 64 63 54 37 ]
 [ 24 45 58 57 56 55 38 ]
 [ 23 44 43 42 41 40 39 ]
 [ 22 21 20 19 18 17 16 ]
]
[
 [ 1 2 3 4 5 6 7 8 9 ]
 [ 32 33 34 35 36 37 38 39 10 ]
 [ 31 56 57 58 59 60 61 40 11 ]
 [ 30 55 72 73 74 75 62 41 12 ]
 [ 29 54 71 80 81 76 63 42 13 ]
 [ 28 53 70 79 78 77 64 43 14 ]
 [ 27 52 69 68 67 66 65 44 15 ]
 [ 26 51 50 49 48 47 46 45 16 ]
 [ 25 24 23 22 21 20 19 18 17 ]
], 1, [
 [ 81 ]
]
[
 [ 1 2 3 4 5 6 7 8 9 ]
 [ 32 33 34 35 36 37 38 39 10 ]
 [ 31 56 57 58 59 60 61 40 11 ]
 [ 30 55 72 73 74 75 62 41 12 ]
 [ 29 54 71 80 81 76 63 42 13 ]
 [ 28 53 70 79 78 77 64 43 14 ]
 [ 27 52 69 68 67 66 65 44 15 ]
 [ 26 51 50 49 48 47 46 45 16 ]
 [ 25 24 23 22 21 20 19 18 17 ]
], 2, [
 [ 80 81 ]
 [ 79 78 ]
]
[
 [ 1 2 3 4 5 6 7 8 9 ]
 [ 32 33 34 35 36 37 38 39 10 ]
 [ 31 56 57 58 59 60 61 40 11 ]
 [ 30 55 72 73 74 75 62 41 12 ]
 [ 29 54 71 80 81 76 63 42 13 ]
 [ 28 53 70 79 78 77 64 43 14 ]
 [ 27 52 69 68 67 66 65 44 15 ]
 [ 26 51 50 49 48 47 46 45 16 ]
 [ 25 24 23 22 21 20 19 18 17 ]
], 3, [
 [ 73 74 75 ]
 [ 80 81 76 ]
 [ 79 78 77 ]
]
[
 [ 1 2 3 4 5 6 7 8 9 ]
 [ 32 33 34 35 36 37 38 39 10 ]
 [ 31 56 57 58 59 60 61 40 11 ]
 [ 30 55 72 73 74 75 62 41 12 ]
 [ 29 54 71 80 81 76 63 42 13 ]
 [ 28 53 70 79 78 77 64 43 14 ]
 [ 27 52 69 68 67 66 65 44 15 ]
 [ 26 51 50 49 48 47 46 45 16 ]
 [ 25 24 23 22 21 20 19 18 17 ]
], 4, [
 [ 72 73 74 75 ]
 [ 71 80 81 76 ]
 [ 70 79 78 77 ]
 [ 69 68 67 66 ]
]
[
 [ 1 2 3 4 5 6 7 8 9 ]
 [ 32 33 34 35 36 37 38 39 10 ]
 [ 31 56 57 58 59 60 61 40 11 ]
 [ 30 55 72 73 74 75 62 41 12 ]
 [ 29 54 71 80 81 76 63 42 13 ]
 [ 28 53 70 79 78 77 64 43 14 ]
 [ 27 52 69 68 67 66 65 44 15 ]
 [ 26 51 50 49 48 47 46 45 16 ]
 [ 25 24 23 22 21 20 19 18 17 ]
], 5, [
 [ 57 58 59 60 61 ]
 [ 72 73 74 75 62 ]
 [ 71 80 81 76 63 ]
 [ 70 79 78 77 64 ]
 [ 69 68 67 66 65 ]
]
[
 [ 1 2 3 4 5 6 7 8 9 ]
 [ 32 33 34 35 36 37 38 39 10 ]
 [ 31 56 57 58 59 60 61 40 11 ]
 [ 30 55 72 73 74 75 62 41 12 ]
 [ 29 54 71 80 81 76 63 42 13 ]
 [ 28 53 70 79 78 77 64 43 14 ]
 [ 27 52 69 68 67 66 65 44 15 ]
 [ 26 51 50 49 48 47 46 45 16 ]
 [ 25 24 23 22 21 20 19 18 17 ]
], 6, [
 [ 56 57 58 59 60 61 ]
 [ 55 72 73 74 75 62 ]
 [ 54 71 80 81 76 63 ]
 [ 53 70 79 78 77 64 ]
 [ 52 69 68 67 66 65 ]
 [ 51 50 49 48 47 46 ]
]
[
 [ 1 2 3 4 5 6 7 8 9 ]
 [ 32 33 34 35 36 37 38 39 10 ]
 [ 31 56 57 58 59 60 61 40 11 ]
 [ 30 55 72 73 74 75 62 41 12 ]
 [ 29 54 71 80 81 76 63 42 13 ]
 [ 28 53 70 79 78 77 64 43 14 ]
 [ 27 52 69 68 67 66 65 44 15 ]
 [ 26 51 50 49 48 47 46 45 16 ]
 [ 25 24 23 22 21 20 19 18 17 ]
], 7, [
 [ 33 34 35 36 37 38 39 ]
 [ 56 57 58 59 60 61 40 ]
 [ 55 72 73 74 75 62 41 ]
 [ 54 71 80 81 76 63 42 ]
 [ 53 70 79 78 77 64 43 ]
 [ 52 69 68 67 66 65 44 ]
 [ 51 50 49 48 47 46 45 ]
]
[
 [ 1 2 3 4 5 6 7 8 9 ]
 [ 32 33 34 35 36 37 38 39 10 ]
 [ 31 56 57 58 59 60 61 40 11 ]
 [ 30 55 72 73 74 75 62 41 12 ]
 [ 29 54 71 80 81 76 63 42 13 ]
 [ 28 53 70 79 78 77 64 43 14 ]
 [ 27 52 69 68 67 66 65 44 15 ]
 [ 26 51 50 49 48 47 46 45 16 ]
 [ 25 24 23 22 21 20 19 18 17 ]
], 8, [
 [ 32 33 34 35 36 37 38 39 ]
 [ 31 56 57 58 59 60 61 40 ]
 [ 30 55 72 73 74 75 62 41 ]
 [ 29 54 71 80 81 76 63 42 ]
 [ 28 53 70 79 78 77 64 43 ]
 [ 27 52 69 68 67 66 65 44 ]
 [ 26 51 50 49 48 47 46 45 ]
 [ 25 24 23 22 21 20 19 18 ]
]
[
 [ 1 2 3 4 5 ]
 [ 14 15 16 17 6 ]
 [ 13 20 19 18 7 ]
], 1, [
 [ 20 ]
]
[
 [ 1 2 3 ]
 [ 4 5 6 ]
], 1, [
 [ 6 ]
]
[
 [ 1 2 3 ]
 [ 8 9 4 ]
], 1, [
 [ 9 ]
]
[
 [ 1 2 3 4 ]
 [ 12 13 14 5 ]
 [ 11 16 15 6 ]
], 1, [
 [ 16 ]
]
[
 [ 1 2 3 4 ]
 [ 12 13 14 5 ]
 [ 11 16 15 6 ]
], 2, [
 [ 13 14 ]
 [ 16 15 ]
]
[
 [ 1 2 3 4 5 ]
 [ 16 17 18 19 6 ]
 [ 15 24 25 20 7 ]
 [ 14 23 22 21 8 ]
], 1, [
 [ 25 ]
]
[
 [ 1 2 3 4 5 ]
 [ 16 17 18 19 6 ]
 [ 15 24 25 20 7 ]
 [ 14 23 22 21 8 ]
], 2, [
 [ 24 25 ]
 [ 23 22 ]
]
[
 [ 1 2 3 4 5 ]
 [ 16 17 18 19 6 ]
 [ 15 24 25 20 7 ]
 [ 14 23 22 21 8 ]
], 3, [
 [ 17 18 19 ]
 [ 24 25 20 ]
 [ 23 22 21 ]
]
[
 [ 1 2 3 4 5 6 ]
 [ 20 21 22 23 24 7 ]
 [ 19 32 33 34 25 8 ]
 [ 18 31 36 35 26 9 ]
 [ 17 30 29 28 27 10 ]
], 1, [
 [ 36 ]
]
[
 [ 1 2 3 4 5 6 ]
 [ 20 21 22 23 24 7 ]
 [ 19 32 33 34 25 8 ]
 [ 18 31 36 35 26 9 ]
 [ 17 30 29 28 27 10 ]
], 2, [
 [ 33 34 ]
 [ 36 35 ]
]
[
 [ 1 2 3 4 5 6 ]
 [ 20 21 22 23 24 7 ]
 [ 19 32 33 34 25 8 ]
 [ 18 31 36 35 26 9 ]
 [ 17 30 29 28 27 10 ]
], 3, [
 [ 32 33 34 ]
 [ 31 36 35 ]
 [ 30 29 28 ]
]
[
 [ 1 2 3 4 5 6 ]
 [ 20 21 22 23 24 7 ]
 [ 19 32 33 34 25 8 ]
 [ 18 31 36 35 26 9 ]
 [ 17 30 29 28 27 10 ]
], 4, [
 [ 21 22 23 24 ]
 [ 32 33 34 25 ]
 [ 31 36 35 26 ]
 [ 30 29 28 27 ]
]
[
 [ 1 2 3 4 5 6 7 ]
 [ 24 25 26 27 28 29 8 ]
 [ 23 40 41 42 43 30 9 ]
 [ 22 39 48 49 44 31 10 ]
 [ 21 38 47 46 45 32 11 ]
 [ 20 37 36 35 34 33 12 ]
], 1, [
 [ 49 ]
]
[
 [ 1 2 3 4 5 6 7 ]
 [ 24 25 26 27 28 29 8 ]
 [ 23 40 41 42 43 30 9 ]
 [ 22 39 48 49 44 31 10 ]
 [ 21 38 47 46 45 32 11 ]
 [ 20 37 36 35 34 33 12 ]
], 2, [
 [ 48 49 ]
 [ 47 46 ]
]
[
 [ 1 2 3 4 5 6 7 ]
 [ 24 25 26 27 28 29 8 ]
 [ 23 40 41 42 43 30 9 ]
 [ 22 39 48 49 44 31 10 ]
 [ 21 38 47 46 45 32 11 ]
 [ 20 37 36 35 34 33 12 ]
], 3, [
 [ 41 42 43 ]
 [ 48 49 44 ]
 [ 47 46 45 ]
]
[
 [ 1 2 3 4 5 6 7 ]
 [ 24 25 26 27 28 29 8 ]
 [ 23 40 41 42 43 30 9 ]
 [ 22 39 48 49 44 31 10 ]
 [ 21 38 47 46 45 32 11 ]
 [ 20 37 36 35 34 33 12 ]
], 4, [
 [ 40 41 42 43 ]
 [ 39 48 49 44 ]
 [ 38 47 46 45 ]
 [ 37 36 35 34 ]
]
[
 [ 1 2 3 4 5 6 7 ]
 [ 24 25 26 27 28 29 8 ]
 [ 23 40 41 42 43 30 9 ]
 [ 22 39 48 49 44 31 10 ]
 [ 21 38 47 46 45 32 11 ]
 [ 20 37 36 35 34 33 12 ]
], 5, [
 [ 25 26 27 28 29 ]
 [ 40 41 42 43 30 ]
 [ 39 48 49 44 31 ]
 [ 38 47 46 45 32 ]
 [ 37 36 35 34 33 ]
]
[
 [ 1 2 3 4 5 6 7 8 ]
 [ 28 29 30 31 32 33 34 9 ]
 [ 27 48 49 50 51 52 35 10 ]
 [ 26 47 60 61 62 53 36 11 ]
 [ 25 46 59 64 63 54 37 12 ]
 [ 24 45 58 57 56 55 38 13 ]
 [ 23 44 43 42 41 40 39 14 ]
], 1, [
 [ 64 ]
]
[
 [ 1 2 3 4 5 6 7 8 ]
 [ 28 29 30 31 32 33 34 9 ]
 [ 27 48 49 50 51 52 35 10 ]
 [ 26 47 60 61 62 53 36 11 ]
 [ 25 46 59 64 63 54 37 12 ]
 [ 24 45 58 57 56 55 38 13 ]
 [ 23 44 43 42 41 40 39 14 ]
], 2, [
 [ 61 62 ]
 [ 64 63 ]
]
[
 [ 1 2 3 4 5 6 7 8 ]
 [ 28 29 30 31 32 33 34 9 ]
 [ 27 48 49 50 51 52 35 10 ]
 [ 26 47 60 61 62 53 36 11 ]
 [ 25 46 59 64 63 54 37 12 ]
 [ 24 45 58 57 56 55 38 13 ]
 [ 23 44 43 42 41 40 39 14 ]
], 3, [
 [ 60 61 62 ]
 [ 59 64 63 ]
 [ 58 57 56 ]
]
[
 [ 1 2 3 4 5 6 7 8 ]
 [ 28 29 30 31 32 33 34 9 ]
 [ 27 48 49 50 51 52 35 10 ]
 [ 26 47 60 61 62 53 36 11 ]
 [ 25 46 59 64 63 54 37 12 ]
 [ 24 45 58 57 56 55 38 13 ]
 [ 23 44 43 42 41 40 39 14 ]
], 4, [
 [ 49 50 51 52 ]
 [ 60 61 62 53 ]
 [ 59 64 63 54 ]
 [ 58 57 56 55 ]
]
[
 [ 1 2 3 4 5 6 7 8 ]
 [ 28 29 30 31 32 33 34 9 ]
 [ 27 48 49 50 51 52 35 10 ]
 [ 26 47 60 61 62 53 36 11 ]
 [ 25 46 59 64 63 54 37 12 ]
 [ 24 45 58 57 56 55 38 13 ]
 [ 23 44 43 42 41 40 39 14 ]
], 5, [
 [ 48 49 50 51 52 ]
 [ 47 60 61 62 53 ]
 [ 46 59 64 63 54 ]
 [ 45 58 57 56 55 ]
 [ 44 43 42 41 40 ]
]
[
 [ 1 2 3 4 5 6 7 8 ]
 [ 28 29 30 31 32 33 34 9 ]
 [ 27 48 49 50 51 52 35 10 ]
 [ 26 47 60 61 62 53 36 11 ]
 [ 25 46 59 64 63 54 37 12 ]
 [ 24 45 58 57 56 55 38 13 ]
 [ 23 44 43 42 41 40 39 14 ]
], 6, [
 [ 29 30 31 32 33 34 ]
 [ 48 49 50 51 52 35 ]
 [ 47 60 61 62 53 36 ]
 [ 46 59 64 63 54 37 ]
 [ 45 58 57 56 55 38 ]
 [ 44 43 42 41 40 39 ]
]
[
 [ 1 2 3 4 5 6 7 8 9 ]
 [ 32 33 34 35 36 37 38 39 10 ]
 [ 31 56 57 58 59 60 61 40 11 ]
 [ 30 55 72 73 74 75 62 41 12 ]
 [ 29 54 71 80 81 76 63 42 13 ]
 [ 28 53 70 79 78 77 64 43 14 ]
 [ 27 52 69 68 67 66 65 44 15 ]
 [ 26 51 50 49 48 47 46 45 16 ]
], 1, [
 [ 81 ]
]
[
 [ 1 2 3 4 5 6 7 8 9 ]
 [ 32 33 34 35 36 37 38 39 10 ]
 [ 31 56 57 58 59 60 61 40 11 ]
 [ 30 55 72 73 74 75 62 41 12 ]
 [ 29 54 71 80 81 76 63 42 13 ]
 [ 28 53 70 79 78 77 64 43 14 ]
 [ 27 52 69 68 67 66 65 44 15 ]
 [ 26 51 50 49 48 47 46 45 16 ]
], 2, [
 [ 80 81 ]
 [ 79 78 ]
]
[
 [ 1 2 3 4 5 6 7 8 9 ]
 [ 32 33 34 35 36 37 38 39 10 ]
 [ 31 56 57 58 59 60 61 40 11 ]
 [ 30 55 72 73 74 75 62 41 12 ]
 [ 29 54 71 80 81 76 63 42 13 ]
 [ 28 53 70 79 78 77 64 43 14 ]
 [ 27 52 69 68 67 66 65 44 15 ]
 [ 26 51 50 49 48 47 46 45 16 ]
], 3, [
 [ 73 74 75 ]
 [ 80 81 76 ]
 [ 79 78 77 ]
]
[
 [ 1 2 3 4 5 6 7 8 9 ]
 [ 32 33 34 35 36 37 38 39 10 ]
 [ 31 56 57 58 59 60 61 40 11 ]
 [ 30 55 72 73 74 75 62 41 12 ]
 [ 29 54 71 80 81 76 63 42 13 ]
 [ 28 53 70 79 78 77 64 43 14 ]
 [ 27 52 69 68 67 66 65 44 15 ]
 [ 26 51 50 49 48 47 46 45 16 ]
], 4, [
 [ 72 73 74 75 ]
 [ 71 80 81 76 ]
 [ 70 79 78 77 ]
 [ 69 68 67 66 ]
]
[
 [ 1 2 3 4 5 6 7 8 9 ]
 [ 32 33 34 35 36 37 38 39 10 ]
 [ 31 56 57 58 59 60 61 40 11 ]
 [ 30 55 72 73 74 75 62 41 12 ]
 [ 29 54 71 80 81 76 63 42 13 ]
 [ 28 53 70 79 78 77 64 43 14 ]
 [ 27 52 69 68 67 66 65 44 15 ]
 [ 26 51 50 49 48 47 46 45 16 ]
], 5, [
 [ 57 58 59 60 61 ]
 [ 72 73 74 75 62 ]
 [ 71 80 81 76 63 ]
 [ 70 79 78 77 64 ]
 [ 69 68 67 66 65 ]
]
[
 [ 1 2 3 4 5 6 7 8 9 ]
 [ 32 33 34 35 36 37 38 39 10 ]
 [ 31 56 57 58 59 60 61 40 11 ]
 [ 30 55 72 73 74 75 62 41 12 ]
 [ 29 54 71 80 81 76 63 42 13 ]
 [ 28 53 70 79 78 77 64 43 14 ]
 [ 27 52 69 68 67 66 65 44 15 ]
 [ 26 51 50 49 48 47 46 45 16 ]
], 6, [
 [ 56 57 58 59 60 61 ]
 [ 55 72 73 74 75 62 ]
 [ 54 71 80 81 76 63 ]
 [ 53 70 79 78 77 64 ]
 [ 52 69 68 67 66 65 ]
 [ 51 50 49 48 47 46 ]
]
[
 [ 1 2 3 4 5 6 7 8 9 ]
 [ 32 33 34 35 36 37 38 39 10 ]
 [ 31 56 57 58 59 60 61 40 11 ]
 [ 30 55 72 73 74 75 62 41 12 ]
 [ 29 54 71 80 81 76 63 42 13 ]
 [ 28 53 70 79 78 77 64 43 14 ]
 [ 27 52 69 68 67 66 65 44 15 ]
 [ 26 51 50 49 48 47 46 45 16 ]
], 7, [
 [ 33 34 35 36 37 38 39 ]
 [ 56 57 58 59 60 61 40 ]
 [ 55 72 73 74 75 62 41 ]
 [ 54 71 80 81 76 63 42 ]
 [ 53 70 79 78 77 64 43 ]
 [ 52 69 68 67 66 65 44 ]
 [ 51 50 49 48 47 46 45 ]
]
[
 [ -7 -3 -1 3 5 ]
 [ -3 -2 2 4 6 ]
 [ -1 1 3 5 8 ]
 [ 3 4 7 8 9 ]
], 1, [
 [ 9 ]
]
[
 [ -7 -3 -1 3 5 ]
 [ -3 -2 2 4 6 ]
 [ -1 1 3 5 8 ]
 [ 3 4 7 8 9 ]
], 2, [
 [ 5 8 ]
 [ 8 9 ]
]
[
 [ -7 -3 -1 3 5 ]
 [ -3 -2 2 4 6 ]
 [ -1 1 3 5 8 ]
 [ 3 4 7 8 9 ]
], 3, [
 [ 2 4 6 ]
 [ 3 5 8 ]
 [ 7 8 9 ]
]
[
 [ -7 -3 1 3 5 ]
 [ -3 -2 2 4 6 ]
 [ -1 1 3 5 8 ]
 [ 3 4 7 8 9 ]
], 1, [
 [ 9 ]
]
[
 [ -7 -3 1 3 5 ]
 [ -3 -2 2 4 6 ]
 [ -1 1 3 5 8 ]
 [ 3 4 7 8 9 ]
], 2, [
 [ 5 8 ]
 [ 8 9 ]
]
[
 [ -7 -3 1 3 5 ]
 [ -3 -2 2 4 6 ]
 [ -1 1 3 5 8 ]
 [ 3 4 7 8 9 ]
], 3, [
 [ 2 4 6 ]
 [ 3 5 8 ]
 [ 7 8 9 ]
]
[
 [ -7 -3 -1 3 5 ]
 [ 1 1 2 4 6 ]
 [ 1 2 3 5 8 ]
 [ 3 4 7 8 9 ]
], 1, [
 [ 9 ]
]
[
 [ -7 -3 -1 3 5 ]
 [ 1 1 2 4 6 ]
 [ 1 2 3 5 8 ]
 [ 3 4 7 8 9 ]
], 2, [
 [ 5 8 ]
 [ 8 9 ]
]
[
 [ -7 -3 -1 3 5 ]
 [ 1 1 2 4 6 ]
 [ 1 2 3 5 8 ]
 [ 3 4 7 8 9 ]
], 3, [
 [ 2 4 6 ]
 [ 3 5 8 ]
 [ 7 8 9 ]
]
[
 [ -1 -1 -1 3 5 ]
 [ -1 1 2 4 6 ]
 [ -1 2 3 5 8 ]
 [ 3 4 7 8 9 ]
], 1, [
 [ 9 ]
]
[
 [ -1 -1 -1 3 5 ]
 [ -1 1 2 4 6 ]
 [ -1 2 3 5 8 ]
 [ 3 4 7 8 9 ]
], 2, [
 [ 5 8 ]
 [ 8 9 ]
]
[
 [ -1 -1 -1 3 5 ]
 [ -1 1 2 4 6 ]
 [ -1 2 3 5 8 ]
 [ 3 4 7 8 9 ]
], 3, [
 [ 2 4 6 ]
 [ 3 5 8 ]
 [ 7 8 9 ]
]
[
 [ -7 -5 -3 -2 -1 ]
 [ -5 1 2 4 6 ]
 [ -4 2 3 5 8 ]
 [ -3 4 7 8 9 ]
], 1, [
 [ 9 ]
]
[
 [ -7 -5 -3 -2 -1 ]
 [ -5 1 2 4 6 ]
 [ -4 2 3 5 8 ]
 [ -3 4 7 8 9 ]
], 2, [
 [ 5 8 ]
 [ 8 9 ]
]
[
 [ -7 -5 -3 -2 -1 ]
 [ -5 1 2 4 6 ]
 [ -4 2 3 5 8 ]
 [ -3 4 7 8 9 ]
], 3, [
 [ 2 4 6 ]
 [ 3 5 8 ]
 [ 7 8 9 ]
]
[
 [ -7 -3 1 3 5 ]
 [ -3 -2 2 4 6 ]
 [ 1 1 3 5 8 ]
 [ 3 4 7 8 9 ]
], 1, [
 [ 9 ]
]
[
 [ -7 -3 1 3 5 ]
 [ -3 -2 2 4 6 ]
 [ 1 1 3 5 8 ]
 [ 3 4 7 8 9 ]
], 2, [
 [ 5 8 ]
 [ 8 9 ]
]
[
 [ -7 -3 1 3 5 ]
 [ -3 -2 2 4 6 ]
 [ 1 1 3 5 8 ]
 [ 3 4 7 8 9 ]
], 3, [
 [ 2 4 6 ]
 [ 3 5 8 ]
 [ 7 8 9 ]
]
[
 [ -7 -5 -4 ]
 [ -6 -4 -3 ]
 [ -5 -3 -2 ]
 [ -4 -2 -1 ]
], 1, [
 [ -1 ]
]
[
 [ -7 -5 -4 ]
 [ -6 -4 -3 ]
 [ -5 -3 -2 ]
 [ -4 -2 -1 ]
], 2, [
 [ -3 -2 ]
 [ -2 -1 ]
]
[
 [ -7 -5 -4 ]
 [ -6 -4 -3 ]
 [ -5 -3 -2 ]
 [ 1 2 3 ]
], 1, [
 [ 3 ]
]
[
 [ -7 -5 -4 ]
 [ -6 -4 -3 ]
 [ -5 -3 -2 ]
 [ 1 2 3 ]
], 2, [
 [ -3 -2 ]
 [ 2 3 ]
]
[
 [ 1 2 -1 -4 -20 ]
 [ -8 -3 4 2 1 ]
 [ 3 8 6 1 3 ]
 [ -4 -1 1 7 -6 ]
 [ 0 -4 10 -5 1 ]
], 1, [
 [ 10 ]
]
[
 [ 1 2 -1 -4 -20 ]
 [ -8 -3 4 2 1 ]
 [ 3 8 6 1 3 ]
 [ -4 -1 1 7 -6 ]
 [ 0 -4 10 -5 1 ]
], 3, [
 [ -3 4 2 ]
 [ 8 6 1 ]
 [ -1 1 7 ]
]
[
 [ 1 2 -1 -4 -20 ]
 [ -8 -3 4 2 1 ]
 [ 3 8 6 1 3 ]
 [ -4 -1 1 7 -6 ]
 [ 0 -4 10 -5 1 ]
], 4, [
 [ -3 4 2 1 ]
 [ 8 6 1 3 ]
 [ -1 1 7 -6 ]
 [ -4 10 -5 1 ]
]
[
 [ 3 3 ]
 [ 5 3 ]
], 1, [
 [ 5 ]
]
[
 [ -3 3 ]
 [ 5 -3 ]
], 1, [
 [ 5 ]
]
[
 [ 3 1 3 5 ]
 [ 2 2 4 5 ]
 [ 1 3 5 2 ]
 [ 4 3 2 1 ]
], 2, [
 [ 3 5 ]
 [ 4 5 ]
]
[
 [ 3 1 3 5 ]
 [ 2 2 4 5 ]
 [ 1 3 5 2 ]
 [ 4 3 2 1 ]
], 3, [
 [ 1 3 5 ]
 [ 2 4 5 ]
 [ 3 5 2 ]
]
[
 [ 0 1 3 5 ]
 [ 1 2 4 5 ]
 [ 2 3 5 2 ]
 [ 4 3 2 1 ]
], 2, [
 [ 3 5 ]
 [ 4 5 ]
]
[
 [ 0 1 3 5 ]
 [ 1 2 4 5 ]
 [ 2 3 5 2 ]
 [ 4 3 2 1 ]
], 3, [
 [ 1 3 5 ]
 [ 2 4 5 ]
 [ 3 5 2 ]
]
[
 [ 1 1 3 5 ]
 [ 1 2 4 5 ]
 [ 2 3 5 2 ]
 [ 4 3 2 1 ]
], 2, [
 [ 3 5 ]
 [ 4 5 ]
]
[
 [ 1 1 3 5 ]
 [ 1 2 4 5 ]
 [ 2 3 5 2 ]
 [ 4 3 2 1 ]
], 3, [
 [ 1 3 5 ]
 [ 2 4 5 ]
 [ 3 5 2 ]
]
[
 [ 1 2 3 5 ]
 [ 1 2 4 5 ]
 [ 2 3 5 2 ]
 [ 4 3 2 1 ]
], 2, [
 [ 3 5 ]
 [ 4 5 ]
]
[
 [ 1 2 3 5 ]
 [ 1 2 4 5 ]
 [ 2 3 5 2 ]
 [ 4 3 2 1 ]
], 3, [
 [ 2 3 5 ]
 [ 2 4 5 ]
 [ 3 5 2 ]
]
[
 [ 2 1 3 5 ]
 [ 1 2 4 5 ]
 [ 2 3 5 2 ]
 [ 4 3 2 1 ]
], 2, [
 [ 3 5 ]
 [ 4 5 ]
]
[
 [ 2 1 3 5 ]
 [ 1 2 4 5 ]
 [ 2 3 5 2 ]
 [ 4 3 2 1 ]
], 3, [
 [ 1 3 5 ]
 [ 2 4 5 ]
 [ 3 5 2 ]
]
[
 [ 3 3 0 1 ]
 [ 5 3 3 0 ]
 [ 5 5 3 3 ]
 [ 4 5 5 3 ]
], 2, [
 [ 5 5 ]
 [ 4 5 ]
]
[
 [ 3 3 0 1 ]
 [ 5 3 3 0 ]
 [ 5 5 3 3 ]
 [ 4 5 5 3 ]
], 3, [
 [ 5 3 3 ]
 [ 5 5 3 ]
 [ 4 5 5 ]
]
[
 [ 1 2 3 4 ]
 [ 2 1 2 3 ]
 [ 1 2 1 2 ]
 [ 1 2 3 1 ]
], 1, [
 [ 4 ]
]
[
 [ 1 2 3 4 ]
 [ 2 1 2 3 ]
 [ 1 2 1 2 ]
 [ 1 2 3 1 ]
], 2, [
 [ 3 4 ]
 [ 2 3 ]
]
[
 [ 1 2 3 4 ]
 [ 2 1 2 3 ]
 [ 1 2 1 2 ]
 [ 1 2 3 1 ]
], 3, [
 [ 2 3 4 ]
 [ 1 2 3 ]
 [ 2 1 2 ]
]
[
 [ -1 -2 3 5 ]
 [ 1 2 4 6 ]
 [ 2 3 5 8 ]
 [ 3 7 8 9 ]
], 1, [
 [ 9 ]
]
[
 [ -1 -2 3 5 ]
 [ 1 2 4 6 ]
 [ 2 3 5 8 ]
 [ 3 7 8 9 ]
], 2, [
 [ 5 8 ]
 [ 8 9 ]
]
[
 [ -1 -2 3 5 ]
 [ 1 2 4 6 ]
 [ 2 3 5 8 ]
 [ 3 7 8 9 ]
], 3, [
 [ 2 4 6 ]
 [ 3 5 8 ]
 [ 7 8 9 ]
]
[
 [ -2 -1 3 5 ]
 [ -1 2 4 6 ]
 [ 2 3 5 8 ]
 [ 4 7 8 9 ]
], 1, [
 [ 9 ]
]
[
 [ -2 -1 3 5 ]
 [ -1 2 4 6 ]
 [ 2 3 5 8 ]
 [ 4 7 8 9 ]
], 2, [
 [ 5 8 ]
 [ 8 9 ]
]
[
 [ -2 -1 3 5 ]
 [ -1 2 4 6 ]
 [ 2 3 5 8 ]
 [ 4 7 8 9 ]
], 3, [
 [ 2 4 6 ]
 [ 3 5 8 ]
 [ 7 8 9 ]
]
[
 [ -5 -6 -7 -8 -9 ]
 [ -4 -5 -6 -7 -8 ]
 [ -3 -4 -5 -6 -7 ]
 [ -2 -3 -4 -5 -6 ]
 [ -1 -2 -3 -4 -5 ]
], 1, [
 [ -1 ]
]
[
 [ -5 -6 -7 -8 -9 ]
 [ -4 -5 -6 -7 -8 ]
 [ -3 -4 -5 -6 -7 ]
 [ -2 -3 -4 -5 -6 ]
 [ -1 -2 -3 -4 -5 ]
], 2, [
 [ -2 -3 ]
 [ -1 -2 ]
]
[
 [ -5 -6 -7 -8 -9 ]
 [ -4 -5 -6 -7 -8 ]
 [ -3 -4 -5 -6 -7 ]
 [ -2 -3 -4 -5 -6 ]
 [ -1 -2 -3 -4 -5 ]
], 3, [
 [ -3 -4 -5 ]
 [ -2 -3 -4 ]
 [ -1 -2 -3 ]
]
[
 [ -5 -6 -7 -8 -9 ]
 [ -4 -5 -6 -7 -8 ]
 [ -3 -4 -5 -6 -7 ]
 [ -2 -3 -4 -5 -6 ]
 [ -1 -2 -3 -4 -5 ]
], 4, [
 [ -4 -5 -6 -7 ]
 [ -3 -4 -5 -6 ]
 [ -2 -3 -4 -5 ]
 [ -1 -2 -3 -4 ]
]
[
 [ -3 -1 3 5 ]
 [ -2 2 4 6 ]
 [ 1 3 5 8 ]
 [ 4 7 8 9 ]
], 1, [
 [ 9 ]
]
[
 [ -3 -1 3 5 ]
 [ -2 2 4 6 ]
 [ 1 3 5 8 ]
 [ 4 7 8 9 ]
], 2, [
 [ 5 8 ]
 [ 8 9 ]
]
[
 [ -3 -1 3 5 ]
 [ -2 2 4 6 ]
 [ 1 3 5 8 ]
 [ 4 7 8 9 ]
], 3, [
 [ 2 4 6 ]
 [ 3 5 8 ]
 [ 7 8 9 ]
]
[
 [ -1 1 3 5 ]
 [ 1 2 4 6 ]
 [ 2 3 5 8 ]
 [ 4 7 8 9 ]
], 1, [
 [ 9 ]
]
[
 [ -1 1 3 5 ]
 [ 1 2 4 6 ]
 [ 2 3 5 8 ]
 [ 4 7 8 9 ]
], 2, [
 [ 5 8 ]
 [ 8 9 ]
]
[
 [ -1 1 3 5 ]
 [ 1 2 4 6 ]
 [ 2 3 5 8 ]
 [ 4 7 8 9 ]
], 3, [
 [ 2 4 6 ]
 [ 3 5 8 ]
 [ 7 8 9 ]
]
[
 [ -1 -2 3 5 ]
 [ 1 2 4 6 ]
 [ 2 3 5 8 ]
 [ 4 7 8 9 ]
], 1, [
 [ 9 ]
]
[
 [ -1 -2 3 5 ]
 [ 1 2 4 6 ]
 [ 2 3 5 8 ]
 [ 4 7 8 9 ]
], 2, [
 [ 5 8 ]
 [ 8 9 ]
]
[
 [ -1 -2 3 5 ]
 [ 1 2 4 6 ]
 [ 2 3 5 8 ]
 [ 4 7 8 9 ]
], 3, [
 [ 2 4 6 ]
 [ 3 5 8 ]
 [ 7 8 9 ]
]
[
 [ -2 1 3 5 ]
 [ -1 2 4 6 ]
 [ 2 3 5 8 ]
 [ 4 7 8 9 ]
], 1, [
 [ 9 ]
]
[
 [ -2 1 3 5 ]
 [ -1 2 4 6 ]
 [ 2 3 5 8 ]
 [ 4 7 8 9 ]
], 2, [
 [ 5 8 ]
 [ 8 9 ]
]
[
 [ -2 1 3 5 ]
 [ -1 2 4 6 ]
 [ 2 3 5 8 ]
 [ 4 7 8 9 ]
], 3, [
 [ 2 4 6 ]
 [ 3 5 8 ]
 [ 7 8 9 ]
]
[
 [ 1 2 3 4 ]
 [ 5 6 7 8 ]
 [ 9 10 11 12 ]
 [ 13 14 15 16 ]
], 1, [
 [ 16 ]
]
[
 [ 1 2 3 4 ]
 [ 5 6 7 8 ]
 [ 9 10 11 12 ]
 [ 13 14 15 16 ]
], 2, [
 [ 11 12 ]
 [ 15 16 ]
]
[
 [ 1 2 3 4 ]
 [ 5 6 7 8 ]
 [ 9 10 11 12 ]
 [ 13 14 15 16 ]
], 3, [
 [ 6 7 8 ]
 [ 10 11 12 ]
 [ 14 15 16 ]
]
[
 [ 1 2 ]
 [ 4 3 ]
], 1, [
 [ 4 ]
]
[
 [ 1 2 3 ]
 [ 8 9 4 ]
 [ 7 6 5 ]
], 1, [
 [ 9 ]
]
[
 [ 1 2 3 ]
 [ 8 9 4 ]
 [ 7 6 5 ]
], 2, [
 [ 8 9 ]
 [ 7 6 ]
]
[
 [ 1 2 3 4 ]
 [ 2 3 4 5 ]
 [ 1 6 5 6 ]
 [ 0 9 8 7 ]
], 1, [
 [ 9 ]
]
[
 [ 1 2 3 4 ]
 [ 2 3 4 5 ]
 [ 1 6 5 6 ]
 [ 0 9 8 7 ]
], 2, [
 [ 6 5 ]
 [ 9 8 ]
]
[
 [ 1 2 3 4 ]
 [ 2 3 4 5 ]
 [ 1 6 5 6 ]
 [ 0 9 8 7 ]
], 3, [
 [ 3 4 5 ]
 [ 6 5 6 ]
 [ 9 8 7 ]
]
[
 [ 1 2 3 4 5 ]
 [ 6 7 8 9 6 ]
 [ 5 4 5 0 7 ]
 [ 4 3 2 1 8 ]
 [ 3 2 1 0 9 ]
], 3, [
 [ 3 4 5 ]
 [ 8 9 6 ]
 [ 5 0 7 ]
]
[
 [ 1 2 3 4 5 ]
 [ 6 7 8 9 6 ]
 [ 5 4 5 0 7 ]
 [ 4 3 2 1 8 ]
 [ 3 2 1 0 9 ]
], 4, [
 [ 2 3 4 5 ]
 [ 7 8 9 6 ]
 [ 4 5 0 7 ]
 [ 3 2 1 8 ]
]
[
 [ 1 2 3 4 5 6 ]
 [ 0 1 2 3 4 7 ]
 [ 9 2 3 4 5 8 ]
 [ 8 1 6 5 6 9 ]
 [ 7 0 9 8 7 0 ]
 [ 6 5 4 3 2 1 ]
], 3, [
 [ 3 4 5 ]
 [ 6 5 6 ]
 [ 9 8 7 ]
]
[
 [ 1 2 3 4 5 6 ]
 [ 0 1 2 3 4 7 ]
 [ 9 2 3 4 5 8 ]
 [ 8 1 6 5 6 9 ]
 [ 7 0 9 8 7 0 ]
 [ 6 5 4 3 2 1 ]
], 4, [
 [ 2 3 4 7 ]
 [ 3 4 5 8 ]
 [ 6 5 6 9 ]
 [ 9 8 7 0 ]
]
[
 [ 1 2 3 4 5 6 7 ]
 [ 4 5 6 7 8 9 8 ]
 [ 3 0 1 2 3 0 9 ]
 [ 2 9 8 9 4 1 0 ]
 [ 1 8 7 6 5 2 1 ]
 [ 0 7 6 5 4 3 2 ]
 [ 9 8 7 6 5 4 3 ]
], 2, [
 [ 9 8 ]
 [ 8 7 ]
]
[
 [ 1 2 3 4 5 6 7 ]
 [ 4 5 6 7 8 9 8 ]
 [ 3 0 1 2 3 0 9 ]
 [ 2 9 8 9 4 1 0 ]
 [ 1 8 7 6 5 2 1 ]
 [ 0 7 6 5 4 3 2 ]
 [ 9 8 7 6 5 4 3 ]
], 3, [
 [ 9 8 9 ]
 [ 8 7 6 ]
 [ 7 6 5 ]
]
[
 [ 1 2 3 4 5 6 7 ]
 [ 4 5 6 7 8 9 8 ]
 [ 3 0 1 2 3 0 9 ]
 [ 2 9 8 9 4 1 0 ]
 [ 1 8 7 6 5 2 1 ]
 [ 0 7 6 5 4 3 2 ]
 [ 9 8 7 6 5 4 3 ]
], 4, [
 [ 9 8 9 4 ]
 [ 8 7 6 5 ]
 [ 7 6 5 4 ]
 [ 8 7 6 5 ]
]
[
 [ 1 2 3 4 5 6 7 ]
 [ 4 5 6 7 8 9 8 ]
 [ 3 0 1 2 3 0 9 ]
 [ 2 9 8 9 4 1 0 ]
 [ 1 8 7 6 5 2 1 ]
 [ 0 7 6 5 4 3 2 ]
 [ 9 8 7 6 5 4 3 ]
], 6, [
 [ 5 6 7 8 9 8 ]
 [ 0 1 2 3 0 9 ]
 [ 9 8 9 4 1 0 ]
 [ 8 7 6 5 2 1 ]
 [ 7 6 5 4 3 2 ]
 [ 8 7 6 5 4 3 ]
]
[
 [ 1 2 3 4 5 6 7 8 ]
 [ 8 9 0 1 2 3 4 9 ]
 [ 7 8 9 0 1 2 5 0 ]
 [ 6 7 0 1 2 3 6 1 ]
 [ 5 6 9 4 3 4 7 2 ]
 [ 4 5 8 7 6 5 8 3 ]
 [ 3 4 3 2 1 0 9 4 ]
 [ 2 1 0 9 8 7 6 5 ]
], 2, [
 [ 8 9 ]
 [ 7 8 ]
]
[
 [ 1 2 3 4 5 6 7 8 ]
 [ 8 9 0 1 2 3 4 9 ]
 [ 7 8 9 0 1 2 5 0 ]
 [ 6 7 0 1 2 3 6 1 ]
 [ 5 6 9 4 3 4 7 2 ]
 [ 4 5 8 7 6 5 8 3 ]
 [ 3 4 3 2 1 0 9 4 ]
 [ 2 1 0 9 8 7 6 5 ]
], 3, [
 [ 7 8 9 ]
 [ 6 7 0 ]
 [ 5 6 9 ]
]
[
 [ 1 2 3 4 5 6 7 8 ]
 [ 8 9 0 1 2 3 4 9 ]
 [ 7 8 9 0 1 2 5 0 ]
 [ 6 7 0 1 2 3 6 1 ]
 [ 5 6 9 4 3 4 7 2 ]
 [ 4 5 8 7 6 5 8 3 ]
 [ 3 4 3 2 1 0 9 4 ]
 [ 2 1 0 9 8 7 6 5 ]
], 6, [
 [ 8 9 0 1 2 5 ]
 [ 7 0 1 2 3 6 ]
 [ 6 9 4 3 4 7 ]
 [ 5 8 7 6 5 8 ]
 [ 4 3 2 1 0 9 ]
 [ 1 0 9 8 7 6 ]
]
[
 [ 1 2 3 4 5 6 7 8 ]
 [ 8 9 0 1 2 3 4 9 ]
 [ 7 8 9 0 1 2 5 0 ]
 [ 6 7 0 1 2 3 6 1 ]
 [ 5 6 9 4 3 4 7 2 ]
 [ 4 5 8 7 6 5 8 3 ]
 [ 3 4 3 2 1 0 9 4 ]
 [ 2 1 0 9 8 7 6 5 ]
], 7, [
 [ 8 9 0 1 2 3 4 ]
 [ 7 8 9 0 1 2 5 ]
 [ 6 7 0 1 2 3 6 ]
 [ 5 6 9 4 3 4 7 ]
 [ 4 5 8 7 6 5 8 ]
 [ 3 4 3 2 1 0 9 ]
 [ 2 1 0 9 8 7 6 ]
]
[
 [ 1 2 3 4 5 6 7 8 9 ]
 [ 2 3 4 5 6 7 8 9 0 ]
 [ 1 6 7 8 9 0 1 0 1 ]
 [ 0 5 2 3 4 5 2 1 2 ]
 [ 9 4 1 0 1 6 3 2 3 ]
 [ 8 3 0 9 8 7 4 3 4 ]
 [ 7 2 9 8 7 6 5 4 5 ]
 [ 6 1 0 9 8 7 6 5 6 ]
 [ 5 4 3 2 1 0 9 8 7 ]
], 3, [
 [ 9 8 7 ]
 [ 8 7 6 ]
 [ 9 8 7 ]
]
[
 [ 1 2 3 4 5 6 7 8 9 ]
 [ 2 3 4 5 6 7 8 9 0 ]
 [ 1 6 7 8 9 0 1 0 1 ]
 [ 0 5 2 3 4 5 2 1 2 ]
 [ 9 4 1 0 1 6 3 2 3 ]
 [ 8 3 0 9 8 7 4 3 4 ]
 [ 7 2 9 8 7 6 5 4 5 ]
 [ 6 1 0 9 8 7 6 5 6 ]
 [ 5 4 3 2 1 0 9 8 7 ]
], 4, [
 [ 9 8 7 4 ]
 [ 8 7 6 5 ]
 [ 9 8 7 6 ]
 [ 2 1 0 9 ]
]
[
 [ 1 2 3 4 5 6 7 8 9 ]
 [ 2 3 4 5 6 7 8 9 0 ]
 [ 1 6 7 8 9 0 1 0 1 ]
 [ 0 5 2 3 4 5 2 1 2 ]
 [ 9 4 1 0 1 6 3 2 3 ]
 [ 8 3 0 9 8 7 4 3 4 ]
 [ 7 2 9 8 7 6 5 4 5 ]
 [ 6 1 0 9 8 7 6 5 6 ]
 [ 5 4 3 2 1 0 9 8 7 ]
], 5, [
 [ 0 1 6 3 2 ]
 [ 9 8 7 4 3 ]
 [ 8 7 6 5 4 ]
 [ 9 8 7 6 5 ]
 [ 2 1 0 9 8 ]
]
[
 [ 1 2 3 4 5 6 7 8 9 ]
 [ 2 3 4 5 6 7 8 9 0 ]
 [ 1 6 7 8 9 0 1 0 1 ]
 [ 0 5 2 3 4 5 2 1 2 ]
 [ 9 4 1 0 1 6 3 2 3 ]
 [ 8 3 0 9 8 7 4 3 4 ]
 [ 7 2 9 8 7 6 5 4 5 ]
 [ 6 1 0 9 8 7 6 5 6 ]
 [ 5 4 3 2 1 0 9 8 7 ]
], 6, [
 [ 1 6 7 8 9 0 ]
 [ 0 5 2 3 4 5 ]
 [ 9 4 1 0 1 6 ]
 [ 8 3 0 9 8 7 ]
 [ 7 2 9 8 7 6 ]
 [ 6 1 0 9 8 7 ]
]
[
 [ 1 2 3 4 5 6 7 8 9 ]
 [ 2 3 4 5 6 7 8 9 0 ]
 [ 1 6 7 8 9 0 1 0 1 ]
 [ 0 5 2 3 4 5 2 1 2 ]
 [ 9 4 1 0 1 6 3 2 3 ]
 [ 8 3 0 9 8 7 4 3 4 ]
 [ 7 2 9 8 7 6 5 4 5 ]
 [ 6 1 0 9 8 7 6 5 6 ]
 [ 5 4 3 2 1 0 9 8 7 ]
], 7, [
 [ 2 3 4 5 6 7 8 ]
 [ 1 6 7 8 9 0 1 ]
 [ 0 5 2 3 4 5 2 ]
 [ 9 4 1 0 1 6 3 ]
 [ 8 3 0 9 8 7 4 ]
 [ 7 2 9 8 7 6 5 ]
 [ 6 1 0 9 8 7 6 ]
]
[
 [ 1 2 3 4 5 6 7 8 9 ]
 [ 2 3 4 5 6 7 8 9 0 ]
 [ 1 6 7 8 9 0 1 0 1 ]
 [ 0 5 2 3 4 5 2 1 2 ]
 [ 9 4 1 0 1 6 3 2 3 ]
 [ 8 3 0 9 8 7 4 3 4 ]
 [ 7 2 9 8 7 6 5 4 5 ]
 [ 6 1 0 9 8 7 6 5 6 ]
 [ 5 4 3 2 1 0 9 8 7 ]
], 8, [
 [ 1 2 3 4 5 6 7 8 ]
 [ 2 3 4 5 6 7 8 9 ]
 [ 1 6 7 8 9 0 1 0 ]
 [ 0 5 2 3 4 5 2 1 ]
 [ 9 4 1 0 1 6 3 2 ]
 [ 8 3 0 9 8 7 4 3 ]
 [ 7 2 9 8 7 6 5 4 ]
 [ 6 1 0 9 8 7 6 5 ]
]
[
 [ -3 -1 -3 -5 ]
 [ -2 -2 -4 -5 ]
 [ -1 -3 -5 -2 ]
 [ -4 -3 -2 -1 ]
], 3, [
 [ -3 -1 -3 ]
 [ -2 -2 -4 ]
 [ -1 -3 -5 ]
]
[
 [ 0 -1 -3 -5 ]
 [ -1 -2 -4 -5 ]
 [ -2 -3 -5 -2 ]
 [ -4 -3 -2 -1 ]
], 1, [
 [ 0 ]
]
[
 [ 0 -1 -3 -5 ]
 [ -1 -2 -4 -5 ]
 [ -2 -3 -5 -2 ]
 [ -4 -3 -2 -1 ]
], 2, [
 [ 0 -1 ]
 [ -1 -2 ]
]
[
 [ 0 -1 -3 -5 ]
 [ -1 -2 -4 -5 ]
 [ -2 -3 -5 -2 ]
 [ -4 -3 -2 -1 ]
], 3, [
 [ 0 -1 -3 ]
 [ -1 -2 -4 ]
 [ -2 -3 -5 ]
]
[
 [ -1 -1 -3 -5 ]
 [ -1 -2 -4 -5 ]
 [ -2 -3 -5 -2 ]
 [ -4 -3 -2 -1 ]
], 2, [
 [ -1 -1 ]
 [ -1 -2 ]
]
[
 [ -1 -1 -3 -5 ]
 [ -1 -2 -4 -5 ]
 [ -2 -3 -5 -2 ]
 [ -4 -3 -2 -1 ]
], 3, [
 [ -1 -1 -3 ]
 [ -1 -2 -4 ]
 [ -2 -3 -5 ]
]
[
 [ -1 -2 -3 -5 ]
 [ -1 -2 -4 -5 ]
 [ -2 -3 -5 -2 ]
 [ -4 -3 -2 -1 ]
], 2, [
 [ -1 -2 ]
 [ -1 -2 ]
]
[
 [ -1 -2 -3 -5 ]
 [ -1 -2 -4 -5 ]
 [ -2 -3 -5 -2 ]
 [ -4 -3 -2 -1 ]
], 3, [
 [ -1 -2 -3 ]
 [ -1 -2 -4 ]
 [ -2 -3 -5 ]
]
[
 [ -2 -1 -3 -5 ]
 [ -1 -2 -4 -5 ]
 [ -2 -3 -5 -2 ]
 [ -4 -3 -2 -1 ]
], 2, [
 [ -2 -1 ]
 [ -1 -2 ]
]
[
 [ -2 -1 -3 -5 ]
 [ -1 -2 -4 -5 ]
 [ -2 -3 -5 -2 ]
 [ -4 -3 -2 -1 ]
], 3, [
 [ -2 -1 -3 ]
 [ -1 -2 -4 ]
 [ -2 -3 -5 ]
]
[
 [ -3 -3 0 -1 ]
 [ -5 -3 -3 0 ]
 [ -5 -5 -3 -3 ]
 [ -4 -5 -5 -3 ]
], 2, [
 [ 0 -1 ]
 [ -3 0 ]
]
[
 [ -3 -3 0 -1 ]
 [ -5 -3 -3 0 ]
 [ -5 -5 -3 -3 ]
 [ -4 -5 -5 -3 ]
], 3, [
 [ -3 0 -1 ]
 [ -3 -3 0 ]
 [ -5 -3 -3 ]
]
[
 [ 1 2 -3 -5 ]
 [ -1 -2 -4 -6 ]
 [ -2 -3 -5 -8 ]
 [ -3 -7 -8 -9 ]
], 1, [
 [ 2 ]
]
[
 [ 1 2 -3 -5 ]
 [ -1 -2 -4 -6 ]
 [ -2 -3 -5 -8 ]
 [ -3 -7 -8 -9 ]
], 2, [
 [ 1 2 ]
 [ -1 -2 ]
]
[
 [ 1 2 -3 -5 ]
 [ -1 -2 -4 -6 ]
 [ -2 -3 -5 -8 ]
 [ -3 -7 -8 -9 ]
], 3, [
 [ 1 2 -3 ]
 [ -1 -2 -4 ]
 [ -2 -3 -5 ]
]
[
 [ 2 1 -3 -5 ]
 [ 1 -2 -4 -6 ]
 [ -2 -3 -5 -8 ]
 [ -4 -7 -8 -9 ]
], 1, [
 [ 2 ]
]
[
 [ 2 1 -3 -5 ]
 [ 1 -2 -4 -6 ]
 [ -2 -3 -5 -8 ]
 [ -4 -7 -8 -9 ]
], 2, [
 [ 2 1 ]
 [ 1 -2 ]
]
[
 [ 2 1 -3 -5 ]
 [ 1 -2 -4 -6 ]
 [ -2 -3 -5 -8 ]
 [ -4 -7 -8 -9 ]
], 3, [
 [ 2 1 -3 ]
 [ 1 -2 -4 ]
 [ -2 -3 -5 ]
]
[
 [ 3 1 -3 -5 ]
 [ 2 -2 -4 -6 ]
 [ -1 -3 -5 -8 ]
 [ -4 -7 -8 -9 ]
], 1, [
 [ 3 ]
]
[
 [ 3 1 -3 -5 ]
 [ 2 -2 -4 -6 ]
 [ -1 -3 -5 -8 ]
 [ -4 -7 -8 -9 ]
], 2, [
 [ 3 1 ]
 [ 2 -2 ]
]
[
 [ 3 1 -3 -5 ]
 [ 2 -2 -4 -6 ]
 [ -1 -3 -5 -8 ]
 [ -4 -7 -8 -9 ]
], 3, [
 [ 3 1 -3 ]
 [ 2 -2 -4 ]
 [ -1 -3 -5 ]
]
[
 [ 0 -1 -3 -5 ]
 [ -1 -2 -4 -6 ]
 [ -2 -3 -5 -8 ]
 [ -4 -7 -8 -9 ]
], 1, [
 [ 0 ]
]
[
 [ 0 -1 -3 -5 ]
 [ -1 -2 -4 -6 ]
 [ -2 -3 -5 -8 ]
 [ -4 -7 -8 -9 ]
], 2, [
 [ 0 -1 ]
 [ -1 -2 ]
]
[
 [ 0 -1 -3 -5 ]
 [ -1 -2 -4 -6 ]
 [ -2 -3 -5 -8 ]
 [ -4 -7 -8 -9 ]
], 3, [
 [ 0 -1 -3 ]
 [ -1 -2 -4 ]
 [ -2 -3 -5 ]
]
[
 [ 1 -1 -3 -5 ]
 [ -1 -2 -4 -6 ]
 [ -2 -3 -5 -8 ]
 [ -4 -7 -8 -9 ]
], 1, [
 [ 1 ]
]
[
 [ 1 -1 -3 -5 ]
 [ -1 -2 -4 -6 ]
 [ -2 -3 -5 -8 ]
 [ -4 -7 -8 -9 ]
], 2, [
 [ 1 -1 ]
 [ -1 -2 ]
]
[
 [ 1 -1 -3 -5 ]
 [ -1 -2 -4 -6 ]
 [ -2 -3 -5 -8 ]
 [ -4 -7 -8 -9 ]
], 3, [
 [ 1 -1 -3 ]
 [ -1 -2 -4 ]
 [ -2 -3 -5 ]
]
[
 [ 1 2 -3 -5 ]
 [ -1 -2 -4 -6 ]
 [ -2 -3 -5 -8 ]
 [ -4 -7 -8 -9 ]
], 1, [
 [ 2 ]
]
[
 [ 1 2 -3 -5 ]
 [ -1 -2 -4 -6 ]
 [ -2 -3 -5 -8 ]
 [ -4 -7 -8 -9 ]
], 2, [
 [ 1 2 ]
 [ -1 -2 ]
]
[
 [ 1 2 -3 -5 ]
 [ -1 -2 -4 -6 ]
 [ -2 -3 -5 -8 ]
 [ -4 -7 -8 -9 ]
], 3, [
 [ 1 2 -3 ]
 [ -1 -2 -4 ]
 [ -2 -3 -5 ]
]
[
 [ 2 -1 -3 -5 ]
 [ 1 -2 -4 -6 ]
 [ -2 -3 -5 -8 ]
 [ -4 -7 -8 -9 ]
], 1, [
 [ 2 ]
]
[
 [ 2 -1 -3 -5 ]
 [ 1 -2 -4 -6 ]
 [ -2 -3 -5 -8 ]
 [ -4 -7 -8 -9 ]
], 2, [
 [ 2 -1 ]
 [ 1 -2 ]
]
[
 [ 2 -1 -3 -5 ]
 [ 1 -2 -4 -6 ]
 [ -2 -3 -5 -8 ]
 [ -4 -7 -8 -9 ]
], 3, [
 [ 2 -1 -3 ]
 [ 1 -2 -4 ]
 [ -2 -3 -5 ]
]
[
 [ -1 -2 -3 -4 ]
 [ -5 -6 -7 -8 ]
 [ -9 -10 -11 -12 ]
 [ -13 -14 -15 -16 ]
], 1, [
 [ -1 ]
]
[
 [ -1 -2 -3 -4 ]
 [ -5 -6 -7 -8 ]
 [ -9 -10 -11 -12 ]
 [ -13 -14 -15 -16 ]
], 2, [
 [ -1 -2 ]
 [ -5 -6 ]
]
[
 [ -1 -2 -3 -4 ]
 [ -5 -6 -7 -8 ]
 [ -9 -10 -11 -12 ]
 [ -13 -14 -15 -16 ]
], 3, [
 [ -1 -2 -3 ]
 [ -5 -6 -7 ]
 [ -9 -10 -11 ]
]
[
 [ -1 -2 -3 -4 -5 ]
 [ -2 -3 -4 -5 -6 ]
 [ -3 -4 -5 -6 -7 ]
 [ -4 -5 -6 -7 -8 ]
 [ -5 -6 -7 -8 -9 ]
], 1, [
 [ -1 ]
]
[
 [ -1 -2 -3 -4 -5 ]
 [ -2 -3 -4 -5 -6 ]
 [ -3 -4 -5 -6 -7 ]
 [ -4 -5 -6 -7 -8 ]
 [ -5 -6 -7 -8 -9 ]
], 2, [
 [ -1 -2 ]
 [ -2 -3 ]
]
[
 [ -1 -2 -3 -4 -5 ]
 [ -2 -3 -4 -5 -6 ]
 [ -3 -4 -5 -6 -7 ]
 [ -4 -5 -6 -7 -8 ]
 [ -5 -6 -7 -8 -9 ]
], 3, [
 [ -1 -2 -3 ]
 [ -2 -3 -4 ]
 [ -3 -4 -5 ]
]
[
 [ -1 -2 -3 -4 -5 ]
 [ -2 -3 -4 -5 -6 ]
 [ -3 -4 -5 -6 -7 ]
 [ -4 -5 -6 -7 -8 ]
 [ -5 -6 -7 -8 -9 ]
], 4, [
 [ -1 -2 -3 -4 ]
 [ -2 -3 -4 -5 ]
 [ -3 -4 -5 -6 ]
 [ -4 -5 -6 -7 ]
]
[
 [ -1 -2 ]
 [ -3 -4 ]
], 1, [
 [ -1 ]
]
[
 [ -1 -2 ]
 [ -4 -3 ]
], 1, [
 [ -1 ]
]
[
 [ -1 -2 -3 ]
 [ -8 -9 -4 ]
 [ -7 -6 -5 ]
], 1, [
 [ -1 ]
]
[
 [ -1 -2 -3 ]
 [ -8 -9 -4 ]
 [ -7 -6 -5 ]
], 2, [
 [ -2 -3 ]
 [ -9 -4 ]
]
[
 [ -1 -2 -3 -4 ]
 [ -2 -3 -4 -5 ]
 [ -1 -6 -5 -6 ]
 [ 0 -9 -8 -7 ]
], 1, [
 [ 0 ]
]
[
 [ -1 -2 -3 -4 ]
 [ -2 -3 -4 -5 ]
 [ -1 -6 -5 -6 ]
 [ 0 -9 -8 -7 ]
], 2, [
 [ -1 -2 ]
 [ -2 -3 ]
]
[
 [ -1 -2 -3 -4 ]
 [ -2 -3 -4 -5 ]
 [ -1 -6 -5 -6 ]
 [ 0 -9 -8 -7 ]
], 3, [
 [ -1 -2 -3 ]
 [ -2 -3 -4 ]
 [ -1 -6 -5 ]
]
[
 [ -1 -2 -3 -4 -5 ]
 [ -6 -7 -8 -9 -6 ]
 [ -5 -4 -5 0 -7 ]
 [ -4 -3 -2 -1 -8 ]
 [ -3 -2 -1 0 -9 ]
], 2, [
 [ -2 -1 ]
 [ -1 0 ]
]
[
 [ -1 -2 -3 -4 -5 ]
 [ -6 -7 -8 -9 -6 ]
 [ -5 -4 -5 0 -7 ]
 [ -4 -3 -2 -1 -8 ]
 [ -3 -2 -1 0 -9 ]
], 3, [
 [ -4 -5 0 ]
 [ -3 -2 -1 ]
 [ -2 -1 0 ]
]
[
 [ -1 -2 -3 -4 -5 ]
 [ -6 -7 -8 -9 -6 ]
 [ -5 -4 -5 0 -7 ]
 [ -4 -3 -2 -1 -8 ]
 [ -3 -2 -1 0 -9 ]
], 4, [
 [ -6 -7 -8 -9 ]
 [ -5 -4 -5 0 ]
 [ -4 -3 -2 -1 ]
 [ -3 -2 -1 0 ]
]
[
 [ -1 -2 -3 -4 -5 -6 ]
 [ 0 -1 -2 -3 -4 -7 ]
 [ -9 -2 -3 -4 -5 -8 ]
 [ -8 -1 -6 -5 -6 -9 ]
 [ -7 0 -9 -8 -7 0 ]
 [ -6 -5 -4 -3 -2 -1 ]
], 2, [
 [ -1 -2 ]
 [ 0 -1 ]
]
[
 [ -1 -2 -3 -4 -5 -6 ]
 [ 0 -1 -2 -3 -4 -7 ]
 [ -9 -2 -3 -4 -5 -8 ]
 [ -8 -1 -6 -5 -6 -9 ]
 [ -7 0 -9 -8 -7 0 ]
 [ -6 -5 -4 -3 -2 -1 ]
], 3, [
 [ -1 -2 -3 ]
 [ 0 -1 -2 ]
 [ -9 -2 -3 ]
]
[
 [ -1 -2 -3 -4 -5 -6 ]
 [ 0 -1 -2 -3 -4 -7 ]
 [ -9 -2 -3 -4 -5 -8 ]
 [ -8 -1 -6 -5 -6 -9 ]
 [ -7 0 -9 -8 -7 0 ]
 [ -6 -5 -4 -3 -2 -1 ]
], 4, [
 [ -1 -2 -3 -4 ]
 [ 0 -1 -2 -3 ]
 [ -9 -2 -3 -4 ]
 [ -8 -1 -6 -5 ]
]
[
 [ -1 -2 -3 -4 -5 -6 -7 ]
 [ -4 -5 -6 -7 -8 -9 -8 ]
 [ -3 0 -1 -2 -3 0 -9 ]
 [ -2 -9 -8 -9 -4 -1 0 ]
 [ -1 -8 -7 -6 -5 -2 -1 ]
 [ 0 -7 -6 -5 -4 -3 -2 ]
 [ -9 -8 -7 -6 -5 -4 -3 ]
], 2, [
 [ -1 0 ]
 [ -2 -1 ]
]
[
 [ -1 -2 -3 -4 -5 -6 -7 ]
 [ -4 -5 -6 -7 -8 -9 -8 ]
 [ -3 0 -1 -2 -3 0 -9 ]
 [ -2 -9 -8 -9 -4 -1 0 ]
 [ -1 -8 -7 -6 -5 -2 -1 ]
 [ 0 -7 -6 -5 -4 -3 -2 ]
 [ -9 -8 -7 -6 -5 -4 -3 ]
], 3, [
 [ -4 -1 0 ]
 [ -5 -2 -1 ]
 [ -4 -3 -2 ]
]
[
 [ -1 -2 -3 -4 -5 -6 -7 ]
 [ -4 -5 -6 -7 -8 -9 -8 ]
 [ -3 0 -1 -2 -3 0 -9 ]
 [ -2 -9 -8 -9 -4 -1 0 ]
 [ -1 -8 -7 -6 -5 -2 -1 ]
 [ 0 -7 -6 -5 -4 -3 -2 ]
 [ -9 -8 -7 -6 -5 -4 -3 ]
], 4, [
 [ -2 -3 0 -9 ]
 [ -9 -4 -1 0 ]
 [ -6 -5 -2 -1 ]
 [ -5 -4 -3 -2 ]
]
[
 [ -1 -2 -3 -4 -5 -6 -7 ]
 [ -4 -5 -6 -7 -8 -9 -8 ]
 [ -3 0 -1 -2 -3 0 -9 ]
 [ -2 -9 -8 -9 -4 -1 0 ]
 [ -1 -8 -7 -6 -5 -2 -1 ]
 [ 0 -7 -6 -5 -4 -3 -2 ]
 [ -9 -8 -7 -6 -5 -4 -3 ]
], 5, [
 [ -1 -2 -3 0 -9 ]
 [ -8 -9 -4 -1 0 ]
 [ -7 -6 -5 -2 -1 ]
 [ -6 -5 -4 -3 -2 ]
 [ -7 -6 -5 -4 -3 ]
]
[
 [ -1 -2 -3 -4 -5 -6 -7 ]
 [ -4 -5 -6 -7 -8 -9 -8 ]
 [ -3 0 -1 -2 -3 0 -9 ]
 [ -2 -9 -8 -9 -4 -1 0 ]
 [ -1 -8 -7 -6 -5 -2 -1 ]
 [ 0 -7 -6 -5 -4 -3 -2 ]
 [ -9 -8 -7 -6 -5 -4 -3 ]
], 6, [
 [ -1 -2 -3 -4 -5 -6 ]
 [ -4 -5 -6 -7 -8 -9 ]
 [ -3 0 -1 -2 -3 0 ]
 [ -2 -9 -8 -9 -4 -1 ]
 [ -1 -8 -7 -6 -5 -2 ]
 [ 0 -7 -6 -5 -4 -3 ]
]
[
 [ -1 -2 -3 -4 -5 -6 -7 -8 ]
 [ -8 -9 0 -1 -2 -3 -4 -9 ]
 [ -7 -8 -9 0 -1 -2 -5 0 ]
 [ -6 -7 0 -1 -2 -3 -6 -1 ]
 [ -5 -6 -9 -4 -3 -4 -7 -2 ]
 [ -4 -5 -8 -7 -6 -5 -8 -3 ]
 [ -3 -4 -3 -2 -1 0 -9 -4 ]
 [ -2 -1 0 -9 -8 -7 -6 -5 ]
], 3, [
 [ -1 -2 -3 ]
 [ 0 -1 -2 ]
 [ -1 -2 -3 ]
]
[
 [ -1 -2 -3 -4 -5 -6 -7 -8 ]
 [ -8 -9 0 -1 -2 -3 -4 -9 ]
 [ -7 -8 -9 0 -1 -2 -5 0 ]
 [ -6 -7 0 -1 -2 -3 -6 -1 ]
 [ -5 -6 -9 -4 -3 -4 -7 -2 ]
 [ -4 -5 -8 -7 -6 -5 -8 -3 ]
 [ -3 -4 -3 -2 -1 0 -9 -4 ]
 [ -2 -1 0 -9 -8 -7 -6 -5 ]
], 4, [
 [ -3 -4 -5 -6 ]
 [ 0 -1 -2 -3 ]
 [ -9 0 -1 -2 ]
 [ 0 -1 -2 -3 ]
]
[
 [ -1 -2 -3 -4 -5 -6 -7 -8 ]
 [ -8 -9 0 -1 -2 -3 -4 -9 ]
 [ -7 -8 -9 0 -1 -2 -5 0 ]
 [ -6 -7 0 -1 -2 -3 -6 -1 ]
 [ -5 -6 -9 -4 -3 -4 -7 -2 ]
 [ -4 -5 -8 -7 -6 -5 -8 -3 ]
 [ -3 -4 -3 -2 -1 0 -9 -4 ]
 [ -2 -1 0 -9 -8 -7 -6 -5 ]
], 5, [
 [ 0 -1 -2 -5 0 ]
 [ -1 -2 -3 -6 -1 ]
 [ -4 -3 -4 -7 -2 ]
 [ -7 -6 -5 -8 -3 ]
 [ -2 -1 0 -9 -4 ]
]
[
 [ -1 -2 -3 -4 -5 -6 -7 -8 ]
 [ -8 -9 0 -1 -2 -3 -4 -9 ]
 [ -7 -8 -9 0 -1 -2 -5 0 ]
 [ -6 -7 0 -1 -2 -3 -6 -1 ]
 [ -5 -6 -9 -4 -3 -4 -7 -2 ]
 [ -4 -5 -8 -7 -6 -5 -8 -3 ]
 [ -3 -4 -3 -2 -1 0 -9 -4 ]
 [ -2 -1 0 -9 -8 -7 -6 -5 ]
], 6, [
 [ 0 -1 -2 -3 -4 -9 ]
 [ -9 0 -1 -2 -5 0 ]
 [ 0 -1 -2 -3 -6 -1 ]
 [ -9 -4 -3 -4 -7 -2 ]
 [ -8 -7 -6 -5 -8 -3 ]
 [ -3 -2 -1 0 -9 -4 ]
]
[
 [ -1 -2 -3 -4 -5 -6 -7 -8 ]
 [ -8 -9 0 -1 -2 -3 -4 -9 ]
 [ -7 -8 -9 0 -1 -2 -5 0 ]
 [ -6 -7 0 -1 -2 -3 -6 -1 ]
 [ -5 -6 -9 -4 -3 -4 -7 -2 ]
 [ -4 -5 -8 -7 -6 -5 -8 -3 ]
 [ -3 -4 -3 -2 -1 0 -9 -4 ]
 [ -2 -1 0 -9 -8 -7 -6 -5 ]
], 7, [
 [ -2 -3 -4 -5 -6 -7 -8 ]
 [ -9 0 -1 -2 -3 -4 -9 ]
 [ -8 -9 0 -1 -2 -5 0 ]
 [ -7 0 -1 -2 -3 -6 -1 ]
 [ -6 -9 -4 -3 -4 -7 -2 ]
 [ -5 -8 -7 -6 -5 -8 -3 ]
 [ -4 -3 -2 -1 0 -9 -4 ]
]
[
 [ -1 -2 -3 -4 -5 -6 -7 -8 -9 ]
 [ -2 -3 -4 -5 -6 -7 -8 -9 0 ]
 [ -1 -6 -7 -8 -9 0 -1 0 -1 ]
 [ 0 -5 -2 -3 -4 -5 -2 -1 -2 ]
 [ -9 -4 -1 0 -1 -6 -3 -2 -3 ]
 [ -8 -3 0 -9 -8 -7 -4 -3 -4 ]
 [ -7 -2 -9 -8 -7 -6 -5 -4 -5 ]
 [ -6 -1 0 -9 -8 -7 -6 -5 -6 ]
 [ -5 -4 -3 -2 -1 0 -9 -8 -7 ]
], 3, [
 [ -1 0 -1 ]
 [ -2 -1 -2 ]
 [ -3 -2 -3 ]
]
[
 [ -1 -2 -3 -4 -5 -6 -7 -8 -9 ]
 [ -2 -3 -4 -5 -6 -7 -8 -9 0 ]
 [ -1 -6 -7 -8 -9 0 -1 0 -1 ]
 [ 0 -5 -2 -3 -4 -5 -2 -1 -2 ]
 [ -9 -4 -1 0 -1 -6 -3 -2 -3 ]
 [ -8 -3 0 -9 -8 -7 -4 -3 -4 ]
 [ -7 -2 -9 -8 -7 -6 -5 -4 -5 ]
 [ -6 -1 0 -9 -8 -7 -6 -5 -6 ]
 [ -5 -4 -3 -2 -1 0 -9 -8 -7 ]
], 4, [
 [ 0 -1 0 -1 ]
 [ -5 -2 -1 -2 ]
 [ -6 -3 -2 -3 ]
 [ -7 -4 -3 -4 ]
]
[
 [ -1 -2 -3 -4 -5 -6 -7 -8 -9 ]
 [ -2 -3 -4 -5 -6 -7 -8 -9 0 ]
 [ -1 -6 -7 -8 -9 0 -1 0 -1 ]
 [ 0 -5 -2 -3 -4 -5 -2 -1 -2 ]
 [ -9 -4 -1 0 -1 -6 -3 -2 -3 ]
 [ -8 -3 0 -9 -8 -7 -4 -3 -4 ]
 [ -7 -2 -9 -8 -7 -6 -5 -4 -5 ]
 [ -6 -1 0 -9 -8 -7 -6 -5 -6 ]
 [ -5 -4 -3 -2 -1 0 -9 -8 -7 ]
], 5, [
 [ -9 0 -1 0 -1 ]
 [ -4 -5 -2 -1 -2 ]
 [ -1 -6 -3 -2 -3 ]
 [ -8 -7 -4 -3 -4 ]
 [ -7 -6 -5 -4 -5 ]
]
[
 [ -1 -2 -3 -4 -5 -6 -7 -8 -9 ]
 [ -2 -3 -4 -5 -6 -7 -8 -9 0 ]
 [ -1 -6 -7 -8 -9 0 -1 0 -1 ]
 [ 0 -5 -2 -3 -4 -5 -2 -1 -2 ]
 [ -9 -4 -1 0 -1 -6 -3 -2 -3 ]
 [ -8 -3 0 -9 -8 -7 -4 -3 -4 ]
 [ -7 -2 -9 -8 -7 -6 -5 -4 -5 ]
 [ -6 -1 0 -9 -8 -7 -6 -5 -6 ]
 [ -5 -4 -3 -2 -1 0 -9 -8 -7 ]
], 7, [
 [ -6 -7 -8 -9 0 -1 0 ]
 [ -5 -2 -3 -4 -5 -2 -1 ]
 [ -4 -1 0 -1 -6 -3 -2 ]
 [ -3 0 -9 -8 -7 -4 -3 ]
 [ -2 -9 -8 -7 -6 -5 -4 ]
 [ -1 0 -9 -8 -7 -6 -5 ]
 [ -4 -3 -2 -1 0 -9 -8 ]
]
[
 [ -1 -2 -3 -4 -5 -6 -7 -8 -9 ]
 [ -2 -3 -4 -5 -6 -7 -8 -9 0 ]
 [ -1 -6 -7 -8 -9 0 -1 0 -1 ]
 [ 0 -5 -2 -3 -4 -5 -2 -1 -2 ]
 [ -9 -4 -1 0 -1 -6 -3 -2 -3 ]
 [ -8 -3 0 -9 -8 -7 -4 -3 -4 ]
 [ -7 -2 -9 -8 -7 -6 -5 -4 -5 ]
 [ -6 -1 0 -9 -8 -7 -6 -5 -6 ]
 [ -5 -4 -3 -2 -1 0 -9 -8 -7 ]
], 8, [
 [ -3 -4 -5 -6 -7 -8 -9 0 ]
 [ -6 -7 -8 -9 0 -1 0 -1 ]
 [ -5 -2 -3 -4 -5 -2 -1 -2 ]
 [ -4 -1 0 -1 -6 -3 -2 -3 ]
 [ -3 0 -9 -8 -7 -4 -3 -4 ]
 [ -2 -9 -8 -7 -6 -5 -4 -5 ]
 [ -1 0 -9 -8 -7 -6 -5 -6 ]
 [ -4 -3 -2 -1 0 -9 -8 -7 ]
]
[
 [ -1 -2 -3 ]
 [ -4 -5 -6 ]
 [ -7 -8 -9 ]
], 1, [
 [ -1 ]
]
[
 [ -1 -2 -3 ]
 [ -4 -5 -6 ]
 [ -7 -8 -9 ]
], 2, [
 [ -1 -2 ]
 [ -4 -5 ]
]
[
 [ 1 2 3 ]
 [ 4 5 6 ]
 [ 7 8 9 ]
], 1, [
 [ 9 ]
]
[
 [ 1 2 3 ]
 [ 4 5 6 ]
 [ 7 8 9 ]
], 2, [
 [ 5 6 ]
 [ 8 9 ]
]
[
 [ 1 2 ]
 [ 3 4 ]
], 1, [
 [ 4 ]
]
[
 [ 3 1 3 5 ]
 [ 2 2 4 6 ]
 [ 1 3 5 8 ]
 [ 4 7 8 9 ]
], 1, [
 [ 9 ]
]
[
 [ 3 1 3 5 ]
 [ 2 2 4 6 ]
 [ 1 3 5 8 ]
 [ 4 7 8 9 ]
], 2, [
 [ 5 8 ]
 [ 8 9 ]
]
[
 [ 3 1 3 5 ]
 [ 2 2 4 6 ]
 [ 1 3 5 8 ]
 [ 4 7 8 9 ]
], 3, [
 [ 2 4 6 ]
 [ 3 5 8 ]
 [ 7 8 9 ]
]
[
 [ 0 1 3 5 ]
 [ 1 2 4 6 ]
 [ 2 3 5 8 ]
 [ 4 7 8 9 ]
], 1, [
 [ 9 ]
]
[
 [ 0 1 3 5 ]
 [ 1 2 4 6 ]
 [ 2 3 5 8 ]
 [ 4 7 8 9 ]
], 2, [
 [ 5 8 ]
 [ 8 9 ]
]
[
 [ 0 1 3 5 ]
 [ 1 2 4 6 ]
 [ 2 3 5 8 ]
 [ 4 7 8 9 ]
], 3, [
 [ 2 4 6 ]
 [ 3 5 8 ]
 [ 7 8 9 ]
]
[
 [ 1 1 3 5 ]
 [ 1 2 4 6 ]
 [ 2 3 5 8 ]
 [ 4 7 8 9 ]
], 1, [
 [ 9 ]
]
[
 [ 1 1 3 5 ]
 [ 1 2 4 6 ]
 [ 2 3 5 8 ]
 [ 4 7 8 9 ]
], 2, [
 [ 5 8 ]
 [ 8 9 ]
]
[
 [ 1 1 3 5 ]
 [ 1 2 4 6 ]
 [ 2 3 5 8 ]
 [ 4 7 8 9 ]
], 3, [
 [ 2 4 6 ]
 [ 3 5 8 ]
 [ 7 8 9 ]
]
[
 [ 1 2 3 5 ]
 [ 1 2 4 6 ]
 [ 2 3 5 8 ]
 [ 3 7 8 9 ]
], 1, [
 [ 9 ]
]
[
 [ 1 2 3 5 ]
 [ 1 2 4 6 ]
 [ 2 3 5 8 ]
 [ 3 7 8 9 ]
], 2, [
 [ 5 8 ]
 [ 8 9 ]
]
[
 [ 1 2 3 5 ]
 [ 1 2 4 6 ]
 [ 2 3 5 8 ]
 [ 3 7 8 9 ]
], 3, [
 [ 2 4 6 ]
 [ 3 5 8 ]
 [ 7 8 9 ]
]
[
 [ 2 1 3 5 ]
 [ 1 2 4 6 ]
 [ 2 3 5 8 ]
 [ 4 7 8 9 ]
], 1, [
 [ 9 ]
]
[
 [ 2 1 3 5 ]
 [ 1 2 4 6 ]
 [ 2 3 5 8 ]
 [ 4 7 8 9 ]
], 2, [
 [ 5 8 ]
 [ 8 9 ]
]
[
 [ 2 1 3 5 ]
 [ 1 2 4 6 ]
 [ 2 3 5 8 ]
 [ 4 7 8 9 ]
], 3, [
 [ 2 4 6 ]
 [ 3 5 8 ]
 [ 7 8 9 ]
]
[
 [ 7 5 3 2 1 ]
 [ 5 1 2 4 6 ]
 [ 4 2 3 5 8 ]
 [ 3 4 7 8 9 ]
], 1, [
 [ 9 ]
]
[
 [ 7 5 3 2 1 ]
 [ 5 1 2 4 6 ]
 [ 4 2 3 5 8 ]
 [ 3 4 7 8 9 ]
], 2, [
 [ 5 8 ]
 [ 8 9 ]
]
[
 [ 7 5 3 2 1 ]
 [ 5 1 2 4 6 ]
 [ 4 2 3 5 8 ]
 [ 3 4 7 8 9 ]
], 3, [
 [ 2 4 6 ]
 [ 3 5 8 ]
 [ 7 8 9 ]
]
[
 [ 1 3 5 ]
 [ 2 4 6 ]
 [ 3 5 8 ]
 [ 7 8 9 ]
], 1, [
 [ 9 ]
]
[
 [ 1 3 5 ]
 [ 2 4 6 ]
 [ 3 5 8 ]
 [ 7 8 9 ]
], 2, [
 [ 5 8 ]
 [ 8 9 ]
]
[
 [ 7 3 1 3 5 ]
 [ 3 2 2 4 6 ]
 [ 1 1 3 5 8 ]
 [ 3 4 7 8 9 ]
], 1, [
 [ 9 ]
]
[
 [ 7 3 1 3 5 ]
 [ 3 2 2 4 6 ]
 [ 1 1 3 5 8 ]
 [ 3 4 7 8 9 ]
], 2, [
 [ 5 8 ]
 [ 8 9 ]
]
[
 [ 7 3 1 3 5 ]
 [ 3 2 2 4 6 ]
 [ 1 1 3 5 8 ]
 [ 3 4 7 8 9 ]
], 3, [
 [ 2 4 6 ]
 [ 3 5 8 ]
 [ 7 8 9 ]
]
[
 [ 7 6 4 ]
 [ 6 4 3 ]
 [ 5 3 2 ]
 [ 4 2 1 ]
], 1, [
 [ 7 ]
]
[
 [ 7 6 4 ]
 [ 6 4 3 ]
 [ 5 3 2 ]
 [ 4 2 1 ]
], 2, [
 [ 7 6 ]
 [ 6 4 ]
]
[
 [ 7 5 4 ]
 [ 6 4 3 ]
 [ 5 3 2 ]
 [ 1 2 3 ]
], 1, [
 [ 7 ]
]
[
 [ 7 5 4 ]
 [ 6 4 3 ]
 [ 5 3 2 ]
 [ 1 2 3 ]
], 2, [
 [ 7 5 ]
 [ 6 4 ]
]
[
 [ 1 2 3 4 5 ]
 [ 2 3 4 5 6 ]
 [ 3 4 5 6 7 ]
 [ 4 5 6 7 8 ]
 [ 5 6 7 8 9 ]
], 1, [
 [ 9 ]
]
[
 [ 1 2 3 4 5 ]
 [ 2 3 4 5 6 ]
 [ 3 4 5 6 7 ]
 [ 4 5 6 7 8 ]
 [ 5 6 7 8 9 ]
], 2, [
 [ 7 8 ]
 [ 8 9 ]
]
[
 [ 1 2 3 4 5 ]
 [ 2 3 4 5 6 ]
 [ 3 4 5 6 7 ]
 [ 4 5 6 7 8 ]
 [ 5 6 7 8 9 ]
], 3, [
 [ 5 6 7 ]
 [ 6 7 8 ]
 [ 7 8 9 ]
]
[
 [ 1 2 3 4 5 ]
 [ 2 3 4 5 6 ]
 [ 3 4 5 6 7 ]
 [ 4 5 6 7 8 ]
 [ 5 6 7 8 9 ]
], 4, [
 [ 3 4 5 6 ]
 [ 4 5 6 7 ]
 [ 5 6 7 8 ]
 [ 6 7 8 9 ]
]
[
 [ 5 6 7 8 9 ]
 [ 4 5 6 7 8 ]
 [ 3 4 5 6 7 ]
 [ 2 3 4 5 6 ]
 [ 1 2 3 4 5 ]
], 1, [
 [ 9 ]
]
[
 [ 5 6 7 8 9 ]
 [ 4 5 6 7 8 ]
 [ 3 4 5 6 7 ]
 [ 2 3 4 5 6 ]
 [ 1 2 3 4 5 ]
], 2, [
 [ 8 9 ]
 [ 7 8 ]
]
[
 [ 5 6 7 8 9 ]
 [ 4 5 6 7 8 ]
 [ 3 4 5 6 7 ]
 [ 2 3 4 5 6 ]
 [ 1 2 3 4 5 ]
], 3, [
 [ 7 8 9 ]
 [ 6 7 8 ]
 [ 5 6 7 ]
]
[
 [ 5 6 7 8 9 ]
 [ 4 5 6 7 8 ]
 [ 3 4 5 6 7 ]
 [ 2 3 4 5 6 ]
 [ 1 2 3 4 5 ]
], 4, [
 [ 6 7 8 9 ]
 [ 5 6 7 8 ]
 [ 4 5 6 7 ]
 [ 3 4 5 6 ]
]
[
 [ 4 3 1 3 5 ]
 [ 3 2 2 4 6 ]
 [ 1 1 3 5 8 ]
 [ 3 4 7 8 9 ]
], 1, [
 [ 9 ]
]
[
 [ 4 3 1 3 5 ]
 [ 3 2 2 4 6 ]
 [ 1 1 3 5 8 ]
 [ 3 4 7 8 9 ]
], 2, [
 [ 5 8 ]
 [ 8 9 ]
]
[
 [ 4 3 1 3 5 ]
 [ 3 2 2 4 6 ]
 [ 1 1 3 5 8 ]
 [ 3 4 7 8 9 ]
], 3, [
 [ 2 4 6 ]
 [ 3 5 8 ]
 [ 7 8 9 ]
]
