[
    [7, 5, 2, 3, 1],
    [3, 4, 1, 4, 4],
    [1, 5, 6, 7, 8],
    [3, 4, 5, 8, 9],
    [3, 2, 2, 7, 6]
], 7
[
[ 7 5 2 3 1],
[ 3 4 1 4 4],
[ 1 5 6 7 8],
[ 3 4 5 8 9],
[ 3 2 2 7 6],
], 7
[
[ 1 2 3 4],
[ 12 13 14 5],
[ 11 16 15 6],
[ 10 9 8 7],
], 6
[
[ 1 2 3 4 5],
[ 16 17 18 19 6],
[ 15 24 25 20 7],
[ 14 23 22 21 8],
[ 13 12 11 10 9],
], 8
[
[ 1 2 3 4 5 6],
[ 20 21 22 23 24 7],
[ 19 32 33 34 25 8],
[ 18 31 36 35 26 9],
[ 17 30 29 28 27 10],
[ 16 15 14 13 12 11],
], 10
[
[ 1 2 3 4 5 6 7],
[ 24 25 26 27 28 29 8],
[ 23 40 41 42 43 30 9],
[ 22 39 48 49 44 31 10],
[ 21 38 47 46 45 32 11],
[ 20 37 36 35 34 33 12],
[ 19 18 17 16 15 14 13],
], 12
[
[ 1 2 3 4 5 6 7 8],
[ 28 29 30 31 32 33 34 9],
[ 27 48 49 50 51 52 35 10],
[ 26 47 60 61 62 53 36 11],
[ 25 46 59 64 63 54 37 12],
[ 24 45 58 57 56 55 38 13],
[ 23 44 43 42 41 40 39 14],
[ 22 21 20 19 18 17 16 15],
], 14
[
[ 1 2 3 4 5 6 7 8 9],
[ 32 33 34 35 36 37 38 39 10],
[ 31 56 57 58 59 60 61 40 11],
[ 30 55 72 73 74 75 62 41 12],
[ 29 54 71 80 81 76 63 42 13],
[ 28 53 70 79 78 77 64 43 14],
[ 27 52 69 68 67 66 65 44 15],
[ 26 51 50 49 48 47 46 45 16],
[ 25 24 23 22 21 20 19 18 17],
], 16
[
[ -1],
], 0
[
[ 1 2 -1 -4 -20],
[ -8 -3 4 2 1],
[ 3 8 6 1 3],
[ -4 -1 1 7 -6],
[ 0 -4 10 -5 1],
], 1
[
[ 3 3],
[ 5 3],
], 0
[
[ -3 3],
[ 5 -3],
], 0
[
[ 3 1 3 5],
[ 2 2 4 5],
[ 1 3 5 2],
[ 4 3 2 1],
], 3
[
[ 0 1 3 5],
[ 1 2 4 5],
[ 2 3 5 2],
[ 4 3 2 1],
], 3
[
[ 1 1 3 5],
[ 1 2 4 5],
[ 2 3 5 2],
[ 4 3 2 1],
], 3
[
[ 1 2 3 5],
[ 1 2 4 5],
[ 2 3 5 2],
[ 4 3 2 1],
], 4
[
[ 2 1 3 5],
[ 1 2 4 5],
[ 2 3 5 2],
[ 4 3 2 1],
], 3
[
[ 3 3 0 1],
[ 5 3 3 0],
[ 5 5 3 3],
[ 4 5 5 3],
], 2
[
[ 1 1 1 1],
[ 1 1 1 1],
[ 1 1 1 1],
[ 1 1 1 1],
], 0
[
[ 1 2 3 4],
[ 2 1 2 3],
[ 1 2 1 2],
[ 1 2 3 1],
], 6
[
[ -1 -2 3 5],
[ 1 2 4 6],
[ 2 3 5 8],
[ 3 7 8 9],
], 2
[
[ -2 -1 3 5],
[ -1 2 4 6],
[ 2 3 5 8],
[ 4 7 8 9],
], 2
[
[ -5 -6 -7 -8 -9],
[ -4 -5 -6 -7 -8],
[ -3 -4 -5 -6 -7],
[ -2 -3 -4 -5 -6],
[ -1 -2 -3 -4 -5],
], 8
[
[ -3 -1 3 5],
[ -2 2 4 6],
[ 1 3 5 8],
[ 4 7 8 9],
], 2
[
[ -1 1 3 5],
[ 1 2 4 6],
[ 2 3 5 8],
[ 4 7 8 9],
], 2
[
[ -1 -2 3 5],
[ 1 2 4 6],
[ 2 3 5 8],
[ 4 7 8 9],
], 2
[
[ -2 1 3 5],
[ -1 2 4 6],
[ 2 3 5 8],
[ 4 7 8 9],
], 2
[
[ 1 2 3 4],
[ 5 6 7 8],
[ 9 10 11 12],
[ 13 14 15 16],
], 3
[
[ 1 2],
[ 4 3],
], 2
[
[ 1 2 3],
[ 8 9 4],
[ 7 6 5],
], 4
[
[ 1 2 3 4],
[ 2 3 4 5],
[ 1 6 5 6],
[ 0 9 8 7],
], 6
[
[ 1 2 3 4 5],
[ 6 7 8 9 6],
[ 5 4 5 0 7],
[ 4 3 2 1 8],
[ 3 2 1 0 9],
], 8
[
[ 1 2 3 4 5 6],
[ 0 1 2 3 4 7],
[ 9 2 3 4 5 8],
[ 8 1 6 5 6 9],
[ 7 0 9 8 7 0],
[ 6 5 4 3 2 1],
], 8
[
[ 1 2 3 4 5 6 7],
[ 4 5 6 7 8 9 8],
[ 3 0 1 2 3 0 9],
[ 2 9 8 9 4 1 0],
[ 1 8 7 6 5 2 1],
[ 0 7 6 5 4 3 2],
[ 9 8 7 6 5 4 3],
], 9
[
[ 1 2 3 4 5 6 7 8],
[ 8 9 0 1 2 3 4 9],
[ 7 8 9 0 1 2 5 0],
[ 6 7 0 1 2 3 6 1],
[ 5 6 9 4 3 4 7 2],
[ 4 5 8 7 6 5 8 3],
[ 3 4 3 2 1 0 9 4],
[ 2 1 0 9 8 7 6 5],
], 10
[
[ 1 2 3 4 5 6 7 8 9],
[ 2 3 4 5 6 7 8 9 0],
[ 1 6 7 8 9 0 1 0 1],
[ 0 5 2 3 4 5 2 1 2],
[ 9 4 1 0 1 6 3 2 3],
[ 8 3 0 9 8 7 4 3 4],
[ 7 2 9 8 7 6 5 4 5],
[ 6 1 0 9 8 7 6 5 6],
[ 5 4 3 2 1 0 9 8 7],
], 11
[
[ -3 -3],
[ -5 -3],
], 0
[
[ 3 -3],
[ -5 3],
], 0
[
[ -3 -1 -3 -5],
[ -2 -2 -4 -5],
[ -1 -3 -5 -2],
[ -4 -3 -2 -1],
], 3
[
[ 0 -1 -3 -5],
[ -1 -2 -4 -5],
[ -2 -3 -5 -2],
[ -4 -3 -2 -1],
], 3
[
[ -1 -1 -3 -5],
[ -1 -2 -4 -5],
[ -2 -3 -5 -2],
[ -4 -3 -2 -1],
], 3
[
[ -1 -2 -3 -5],
[ -1 -2 -4 -5],
[ -2 -3 -5 -2],
[ -4 -3 -2 -1],
], 4
[
[ -2 -1 -3 -5],
[ -1 -2 -4 -5],
[ -2 -3 -5 -2],
[ -4 -3 -2 -1],
], 3
[
[ -3 -3 0 -1],
[ -5 -3 -3 0],
[ -5 -5 -3 -3],
[ -4 -5 -5 -3],
], 2
[
[ -1 -1 -1 -1],
[ -1 -1 -1 -1],
[ -1 -1 -1 -1],
[ -1 -1 -1 -1],
], 0
[
[ -1 -2 -3 -4],
[ -2 -1 -2 -3],
[ -1 -2 -1 -2],
[ -1 -2 -3 -1],
], 6
[
[ 1 2 -3 -5],
[ -1 -2 -4 -6],
[ -2 -3 -5 -8],
[ -3 -7 -8 -9],
], 2
[
[ 2 1 -3 -5],
[ 1 -2 -4 -6],
[ -2 -3 -5 -8],
[ -4 -7 -8 -9],
], 2
[
[ 3 1 -3 -5],
[ 2 -2 -4 -6],
[ -1 -3 -5 -8],
[ -4 -7 -8 -9],
], 2
[
[ 0 -1 -3 -5],
[ -1 -2 -4 -6],
[ -2 -3 -5 -8],
[ -4 -7 -8 -9],
], 3
[
[ 1 -1 -3 -5],
[ -1 -2 -4 -6],
[ -2 -3 -5 -8],
[ -4 -7 -8 -9],
], 2
[
[ 1 2 -3 -5],
[ -1 -2 -4 -6],
[ -2 -3 -5 -8],
[ -4 -7 -8 -9],
], 2
[
[ 2 -1 -3 -5],
[ 1 -2 -4 -6],
[ -2 -3 -5 -8],
[ -4 -7 -8 -9],
], 2
[
[ -1 -2 -3 -4],
[ -5 -6 -7 -8],
[ -9 -10 -11 -12],
[ -13 -14 -15 -16],
], 3
[
[ -1 -2 -3 -4 -5],
[ -2 -3 -4 -5 -6],
[ -3 -4 -5 -6 -7],
[ -4 -5 -6 -7 -8],
[ -5 -6 -7 -8 -9],
], 8
[
[ -1 -2],
[ -3 -4],
], 1
[
[ -1 -2],
[ -4 -3],
], 2
[
[ -1 -2 -3],
[ -8 -9 -4],
[ -7 -6 -5],
], 4
[
[ -1 -2 -3 -4],
[ -2 -3 -4 -5],
[ -1 -6 -5 -6],
[ 0 -9 -8 -7],
], 6
[
[ -1 -2 -3 -4 -5],
[ -6 -7 -8 -9 -6],
[ -5 -4 -5 0 -7],
[ -4 -3 -2 -1 -8],
[ -3 -2 -1 0 -9],
], 8
[
[ -1 -2 -3 -4 -5 -6],
[ 0 -1 -2 -3 -4 -7],
[ -9 -2 -3 -4 -5 -8],
[ -8 -1 -6 -5 -6 -9],
[ -7 0 -9 -8 -7 0],
[ -6 -5 -4 -3 -2 -1],
], 8
[
[ -1 -2 -3 -4 -5 -6 -7],
[ -4 -5 -6 -7 -8 -9 -8],
[ -3 0 -1 -2 -3 0 -9],
[ -2 -9 -8 -9 -4 -1 0],
[ -1 -8 -7 -6 -5 -2 -1],
[ 0 -7 -6 -5 -4 -3 -2],
[ -9 -8 -7 -6 -5 -4 -3],
], 9
[
[ -1 -2 -3 -4 -5 -6 -7 -8],
[ -8 -9 0 -1 -2 -3 -4 -9],
[ -7 -8 -9 0 -1 -2 -5 0],
[ -6 -7 0 -1 -2 -3 -6 -1],
[ -5 -6 -9 -4 -3 -4 -7 -2],
[ -4 -5 -8 -7 -6 -5 -8 -3],
[ -3 -4 -3 -2 -1 0 -9 -4],
[ -2 -1 0 -9 -8 -7 -6 -5],
], 10
[
[ -1 -2 -3 -4 -5 -6 -7 -8 -9],
[ -2 -3 -4 -5 -6 -7 -8 -9 0],
[ -1 -6 -7 -8 -9 0 -1 0 -1],
[ 0 -5 -2 -3 -4 -5 -2 -1 -2],
[ -9 -4 -1 0 -1 -6 -3 -2 -3],
[ -8 -3 0 -9 -8 -7 -4 -3 -4],
[ -7 -2 -9 -8 -7 -6 -5 -4 -5],
[ -6 -1 0 -9 -8 -7 -6 -5 -6],
[ -5 -4 -3 -2 -1 0 -9 -8 -7],
], 11
[
[ -1 -2 -3],
[ -4 -5 -6],
[ -7 -8 -9],
], 2
[
[ 1 2 3],
[ 4 5 6],
[ 7 8 9],
], 2
[
], 0
[
[ 1],
], 0
[
[ 1 2],
[ 3 4],
], 1
[
[ 3 1 3 5],
[ 2 2 4 6],
[ 1 3 5 8],
[ 4 7 8 9],
], 2
[
[ 0 1 3 5],
[ 1 2 4 6],
[ 2 3 5 8],
[ 4 7 8 9],
], 3
[
[ 1 1 3 5],
[ 1 2 4 6],
[ 2 3 5 8],
[ 4 7 8 9],
], 2
[
[ 1 2 3 5],
[ 1 2 4 6],
[ 2 3 5 8],
[ 3 7 8 9],
], 4
[
[ 2 1 3 5],
[ 1 2 4 6],
[ 2 3 5 8],
[ 4 7 8 9],
], 3
[
[ 1 2 3 4 5],
[ 2 3 4 5 6],
[ 3 4 5 6 7],
[ 4 5 6 7 8],
[ 5 6 7 8 9],
], 8
[
[ 5 6 7 8 9],
[ 4 5 6 7 8],
[ 3 4 5 6 7],
[ 2 3 4 5 6],
[ 1 2 3 4 5],
], 8
