[
    [0,   20, 30, 100],
    [20,  0,  15, 75 ],
    [30,  15, 0,  50 ],
    [100, 75, 50, 0  ]
], 80
[
    [0,  25, 20, 10, 105],
    [20, 0,  15, 80, 80 ],
    [30, 15, 0,  70, 90 ],
    [10, 10, 50, 0,  100],
    [40, 50, 5,  10, 0  ]
], 100
[
 [ 1 2 1 4 20 ]
 [ 8 3 4 2 1 ]
 [ 3 8 6 1 3 ]
 [ 4 1 1 7 6 ]
 [ 0 4 10 5 1 ]
], 3
[
 [ 1 2 3 4 5 6 ]
 [ 0 1 2 3 4 7 ]
 [ 9 2 3 4 5 8 ]
 [ 8 1 6 5 6 9 ]
 [ 7 0 9 8 7 0 ]
 [ 6 5 4 3 2 1 ]
], 5
[
 [ 1 2 3 4 5 6 7 ]
 [ 4 5 6 7 8 9 8 ]
 [ 3 0 1 2 3 0 9 ]
 [ 2 9 8 9 4 1 0 ]
 [ 1 8 7 6 5 2 1 ]
 [ 0 7 6 5 4 3 2 ]
 [ 9 8 7 6 5 4 3 ]
], 4
[
 [ 1 2 3 4 5 6 7 8 ]
 [ 8 9 0 1 2 3 4 9 ]
 [ 7 8 9 0 1 2 5 0 ]
 [ 6 7 0 1 2 3 6 1 ]
 [ 5 6 9 4 3 4 7 2 ]
 [ 4 5 8 7 6 5 8 3 ]
 [ 3 4 3 2 1 0 9 4 ]
 [ 2 1 0 9 8 7 6 5 ]
], 2
[
 [ 1 2 3 4 5 6 7 8 9 ]
 [ 2 3 4 5 6 7 8 9 0 ]
 [ 1 6 7 8 9 0 1 0 1 ]
 [ 0 5 2 3 4 5 2 1 2 ]
 [ 9 4 1 0 1 6 3 2 3 ]
 [ 8 3 0 9 8 7 4 3 4 ]
 [ 7 2 9 8 7 6 5 4 5 ]
 [ 6 1 0 9 8 7 6 5 6 ]
 [ 5 4 3 2 1 0 9 8 7 ]
], 2
[
 [ 0 0 0 1 1 ]
 [ 0 0 1 1 1 ]
 [ 0 0 0 0 0 ]
 [ 0 1 1 1 1 ]
 [ 0 0 0 0 1 ]
], 0
[
 [ 3 1 3 5 ]
 [ 2 2 4 6 ]
 [ 1 3 5 8 ]
 [ 4 7 8 9 ]
], 5
[
 [ 5 6 7 8 9 ]
 [ 4 5 6 7 8 ]
 [ 3 4 5 6 7 ]
 [ 2 3 4 5 6 ]
 [ 1 2 3 4 5 ]
], 9
[
], 0
[
 [ 0 ]
], 0
[
 [ 0 1 ]
 [ 1 0 ]
], 1
[
 [ 1 0 ]
 [ 1 0 ]
], 0
[
 [ 1 ]
], 1
[
 [ 1 2 ]
 [ 3 4 ]
], 2
[
 [ 3 1 3 5 ]
 [ 2 2 4 5 ]
 [ 1 3 5 2 ]
 [ 4 3 2 1 ]
], 5
