[
    [0, 2, 5, 4, 1],
    [4, 8, 2, 3, 7],
    [6, 3, 4, 6, 2],
    [7, 3, 1, 8, 3],
    [1, 5, 7, 9, 4]
], 1, 1, 3, 3, 38
[
[ 0 2 5 4 1 ]
[ 4 8 2 3 7 ]
[ 6 3 4 6 2 ]
[ 7 3 1 8 3 ]
[ 1 5 7 9 4 ]
], 0, 0, 1, 1, 14
[
[ 0 2 5 4 1 ]
[ 4 8 2 3 7 ]
[ 6 3 4 6 2 ]
[ 7 3 1 8 3 ]
[ 1 5 7 9 4 ]
], 0, 0, 1, 2, 21
[
[ 0 2 5 4 1 ]
[ 4 8 2 3 7 ]
[ 6 3 4 6 2 ]
[ 7 3 1 8 3 ]
[ 1 5 7 9 4 ]
], 0, 0, 1, 3, 28
[
[ 0 2 5 4 1 ]
[ 4 8 2 3 7 ]
[ 6 3 4 6 2 ]
[ 7 3 1 8 3 ]
[ 1 5 7 9 4 ]
], 0, 0, 1, 4, 36
[
[ 0 2 5 4 1 ]
[ 4 8 2 3 7 ]
[ 6 3 4 6 2 ]
[ 7 3 1 8 3 ]
[ 1 5 7 9 4 ]
], 0, 0, 2, 1, 23
[
[ 0 2 5 4 1 ]
[ 4 8 2 3 7 ]
[ 6 3 4 6 2 ]
[ 7 3 1 8 3 ]
[ 1 5 7 9 4 ]
], 0, 0, 2, 2, 34
[
[ 0 2 5 4 1 ]
[ 4 8 2 3 7 ]
[ 6 3 4 6 2 ]
[ 7 3 1 8 3 ]
[ 1 5 7 9 4 ]
], 0, 0, 2, 3, 47
[
[ 0 2 5 4 1 ]
[ 4 8 2 3 7 ]
[ 6 3 4 6 2 ]
[ 7 3 1 8 3 ]
[ 1 5 7 9 4 ]
], 0, 0, 2, 4, 57
[
[ 0 2 5 4 1 ]
[ 4 8 2 3 7 ]
[ 6 3 4 6 2 ]
[ 7 3 1 8 3 ]
[ 1 5 7 9 4 ]
], 0, 0, 3, 1, 33
[
[ 0 2 5 4 1 ]
[ 4 8 2 3 7 ]
[ 6 3 4 6 2 ]
[ 7 3 1 8 3 ]
[ 1 5 7 9 4 ]
], 0, 0, 3, 2, 45
[
[ 0 2 5 4 1 ]
[ 4 8 2 3 7 ]
[ 6 3 4 6 2 ]
[ 7 3 1 8 3 ]
[ 1 5 7 9 4 ]
], 0, 0, 3, 3, 66
[
[ 0 2 5 4 1 ]
[ 4 8 2 3 7 ]
[ 6 3 4 6 2 ]
[ 7 3 1 8 3 ]
[ 1 5 7 9 4 ]
], 0, 0, 3, 4, 79
[
[ 0 2 5 4 1 ]
[ 4 8 2 3 7 ]
[ 6 3 4 6 2 ]
[ 7 3 1 8 3 ]
[ 1 5 7 9 4 ]
], 0, 0, 4, 1, 39
[
[ 0 2 5 4 1 ]
[ 4 8 2 3 7 ]
[ 6 3 4 6 2 ]
[ 7 3 1 8 3 ]
[ 1 5 7 9 4 ]
], 0, 0, 4, 2, 58
[
[ 0 2 5 4 1 ]
[ 4 8 2 3 7 ]
[ 6 3 4 6 2 ]
[ 7 3 1 8 3 ]
[ 1 5 7 9 4 ]
], 0, 0, 4, 3, 88
[
[ 0 2 5 4 1 ]
[ 4 8 2 3 7 ]
[ 6 3 4 6 2 ]
[ 7 3 1 8 3 ]
[ 1 5 7 9 4 ]
], 0, 0, 4, 4, 105
[
[ 0 2 5 4 1 ]
[ 4 8 2 3 7 ]
[ 6 3 4 6 2 ]
[ 7 3 1 8 3 ]
[ 1 5 7 9 4 ]
], 0, 1, 1, 2, 17
[
[ 0 2 5 4 1 ]
[ 4 8 2 3 7 ]
[ 6 3 4 6 2 ]
[ 7 3 1 8 3 ]
[ 1 5 7 9 4 ]
], 0, 1, 1, 3, 24
[
[ 0 2 5 4 1 ]
[ 4 8 2 3 7 ]
[ 6 3 4 6 2 ]
[ 7 3 1 8 3 ]
[ 1 5 7 9 4 ]
], 0, 1, 1, 4, 32
[
[ 0 2 5 4 1 ]
[ 4 8 2 3 7 ]
[ 6 3 4 6 2 ]
[ 7 3 1 8 3 ]
[ 1 5 7 9 4 ]
], 0, 1, 2, 2, 24
[
[ 0 2 5 4 1 ]
[ 4 8 2 3 7 ]
[ 6 3 4 6 2 ]
[ 7 3 1 8 3 ]
[ 1 5 7 9 4 ]
], 0, 1, 2, 3, 37
[
[ 0 2 5 4 1 ]
[ 4 8 2 3 7 ]
[ 6 3 4 6 2 ]
[ 7 3 1 8 3 ]
[ 1 5 7 9 4 ]
], 0, 1, 2, 4, 47
[
[ 0 2 5 4 1 ]
[ 4 8 2 3 7 ]
[ 6 3 4 6 2 ]
[ 7 3 1 8 3 ]
[ 1 5 7 9 4 ]
], 0, 1, 3, 2, 28
[
[ 0 2 5 4 1 ]
[ 4 8 2 3 7 ]
[ 6 3 4 6 2 ]
[ 7 3 1 8 3 ]
[ 1 5 7 9 4 ]
], 0, 1, 3, 3, 49
[
[ 0 2 5 4 1 ]
[ 4 8 2 3 7 ]
[ 6 3 4 6 2 ]
[ 7 3 1 8 3 ]
[ 1 5 7 9 4 ]
], 0, 1, 3, 4, 62
[
[ 0 2 5 4 1 ]
[ 4 8 2 3 7 ]
[ 6 3 4 6 2 ]
[ 7 3 1 8 3 ]
[ 1 5 7 9 4 ]
], 0, 1, 4, 2, 40
[
[ 0 2 5 4 1 ]
[ 4 8 2 3 7 ]
[ 6 3 4 6 2 ]
[ 7 3 1 8 3 ]
[ 1 5 7 9 4 ]
], 0, 1, 4, 3, 70
[
[ 0 2 5 4 1 ]
[ 4 8 2 3 7 ]
[ 6 3 4 6 2 ]
[ 7 3 1 8 3 ]
[ 1 5 7 9 4 ]
], 0, 1, 4, 4, 87
[
[ 0 2 5 4 1 ]
[ 4 8 2 3 7 ]
[ 6 3 4 6 2 ]
[ 7 3 1 8 3 ]
[ 1 5 7 9 4 ]
], 0, 2, 1, 3, 14
[
[ 0 2 5 4 1 ]
[ 4 8 2 3 7 ]
[ 6 3 4 6 2 ]
[ 7 3 1 8 3 ]
[ 1 5 7 9 4 ]
], 0, 2, 1, 4, 22
[
[ 0 2 5 4 1 ]
[ 4 8 2 3 7 ]
[ 6 3 4 6 2 ]
[ 7 3 1 8 3 ]
[ 1 5 7 9 4 ]
], 0, 2, 2, 3, 24
[
[ 0 2 5 4 1 ]
[ 4 8 2 3 7 ]
[ 6 3 4 6 2 ]
[ 7 3 1 8 3 ]
[ 1 5 7 9 4 ]
], 0, 2, 2, 4, 34
[
[ 0 2 5 4 1 ]
[ 4 8 2 3 7 ]
[ 6 3 4 6 2 ]
[ 7 3 1 8 3 ]
[ 1 5 7 9 4 ]
], 0, 2, 3, 3, 33
[
[ 0 2 5 4 1 ]
[ 4 8 2 3 7 ]
[ 6 3 4 6 2 ]
[ 7 3 1 8 3 ]
[ 1 5 7 9 4 ]
], 0, 2, 3, 4, 46
[
[ 0 2 5 4 1 ]
[ 4 8 2 3 7 ]
[ 6 3 4 6 2 ]
[ 7 3 1 8 3 ]
[ 1 5 7 9 4 ]
], 0, 2, 4, 3, 49
[
[ 0 2 5 4 1 ]
[ 4 8 2 3 7 ]
[ 6 3 4 6 2 ]
[ 7 3 1 8 3 ]
[ 1 5 7 9 4 ]
], 0, 2, 4, 4, 66
[
[ 0 2 5 4 1 ]
[ 4 8 2 3 7 ]
[ 6 3 4 6 2 ]
[ 7 3 1 8 3 ]
[ 1 5 7 9 4 ]
], 0, 3, 1, 4, 15
[
[ 0 2 5 4 1 ]
[ 4 8 2 3 7 ]
[ 6 3 4 6 2 ]
[ 7 3 1 8 3 ]
[ 1 5 7 9 4 ]
], 0, 3, 2, 4, 23
[
[ 0 2 5 4 1 ]
[ 4 8 2 3 7 ]
[ 6 3 4 6 2 ]
[ 7 3 1 8 3 ]
[ 1 5 7 9 4 ]
], 0, 3, 3, 4, 34
[
[ 0 2 5 4 1 ]
[ 4 8 2 3 7 ]
[ 6 3 4 6 2 ]
[ 7 3 1 8 3 ]
[ 1 5 7 9 4 ]
], 0, 3, 4, 4, 47
[
[ 0 2 5 4 1 ]
[ 4 8 2 3 7 ]
[ 6 3 4 6 2 ]
[ 7 3 1 8 3 ]
[ 1 5 7 9 4 ]
], 1, 0, 2, 1, 21
[
[ 0 2 5 4 1 ]
[ 4 8 2 3 7 ]
[ 6 3 4 6 2 ]
[ 7 3 1 8 3 ]
[ 1 5 7 9 4 ]
], 1, 0, 2, 2, 27
[
[ 0 2 5 4 1 ]
[ 4 8 2 3 7 ]
[ 6 3 4 6 2 ]
[ 7 3 1 8 3 ]
[ 1 5 7 9 4 ]
], 1, 0, 2, 3, 36
[
[ 0 2 5 4 1 ]
[ 4 8 2 3 7 ]
[ 6 3 4 6 2 ]
[ 7 3 1 8 3 ]
[ 1 5 7 9 4 ]
], 1, 0, 2, 4, 45
[
[ 0 2 5 4 1 ]
[ 4 8 2 3 7 ]
[ 6 3 4 6 2 ]
[ 7 3 1 8 3 ]
[ 1 5 7 9 4 ]
], 1, 0, 3, 1, 31
[
[ 0 2 5 4 1 ]
[ 4 8 2 3 7 ]
[ 6 3 4 6 2 ]
[ 7 3 1 8 3 ]
[ 1 5 7 9 4 ]
], 1, 0, 3, 2, 38
[
[ 0 2 5 4 1 ]
[ 4 8 2 3 7 ]
[ 6 3 4 6 2 ]
[ 7 3 1 8 3 ]
[ 1 5 7 9 4 ]
], 1, 0, 3, 3, 55
[
[ 0 2 5 4 1 ]
[ 4 8 2 3 7 ]
[ 6 3 4 6 2 ]
[ 7 3 1 8 3 ]
[ 1 5 7 9 4 ]
], 1, 0, 3, 4, 67
[
[ 0 2 5 4 1 ]
[ 4 8 2 3 7 ]
[ 6 3 4 6 2 ]
[ 7 3 1 8 3 ]
[ 1 5 7 9 4 ]
], 1, 0, 4, 1, 37
[
[ 0 2 5 4 1 ]
[ 4 8 2 3 7 ]
[ 6 3 4 6 2 ]
[ 7 3 1 8 3 ]
[ 1 5 7 9 4 ]
], 1, 0, 4, 2, 51
[
[ 0 2 5 4 1 ]
[ 4 8 2 3 7 ]
[ 6 3 4 6 2 ]
[ 7 3 1 8 3 ]
[ 1 5 7 9 4 ]
], 1, 0, 4, 3, 77
[
[ 0 2 5 4 1 ]
[ 4 8 2 3 7 ]
[ 6 3 4 6 2 ]
[ 7 3 1 8 3 ]
[ 1 5 7 9 4 ]
], 1, 0, 4, 4, 93
[
[ 0 2 5 4 1 ]
[ 4 8 2 3 7 ]
[ 6 3 4 6 2 ]
[ 7 3 1 8 3 ]
[ 1 5 7 9 4 ]
], 1, 1, 2, 2, 17
[
[ 0 2 5 4 1 ]
[ 4 8 2 3 7 ]
[ 6 3 4 6 2 ]
[ 7 3 1 8 3 ]
[ 1 5 7 9 4 ]
], 1, 1, 2, 3, 26
[
[ 0 2 5 4 1 ]
[ 4 8 2 3 7 ]
[ 6 3 4 6 2 ]
[ 7 3 1 8 3 ]
[ 1 5 7 9 4 ]
], 1, 1, 2, 4, 35
[
[ 0 2 5 4 1 ]
[ 4 8 2 3 7 ]
[ 6 3 4 6 2 ]
[ 7 3 1 8 3 ]
[ 1 5 7 9 4 ]
], 1, 1, 3, 2, 21
[
[ 0 2 5 4 1 ]
[ 4 8 2 3 7 ]
[ 6 3 4 6 2 ]
[ 7 3 1 8 3 ]
[ 1 5 7 9 4 ]
], 1, 1, 3, 3, 38
[
[ 0 2 5 4 1 ]
[ 4 8 2 3 7 ]
[ 6 3 4 6 2 ]
[ 7 3 1 8 3 ]
[ 1 5 7 9 4 ]
], 1, 1, 3, 4, 50
[
[ 0 2 5 4 1 ]
[ 4 8 2 3 7 ]
[ 6 3 4 6 2 ]
[ 7 3 1 8 3 ]
[ 1 5 7 9 4 ]
], 1, 1, 4, 2, 33
[
[ 0 2 5 4 1 ]
[ 4 8 2 3 7 ]
[ 6 3 4 6 2 ]
[ 7 3 1 8 3 ]
[ 1 5 7 9 4 ]
], 1, 1, 4, 3, 59
[
[ 0 2 5 4 1 ]
[ 4 8 2 3 7 ]
[ 6 3 4 6 2 ]
[ 7 3 1 8 3 ]
[ 1 5 7 9 4 ]
], 1, 1, 4, 4, 75
[
[ 0 2 5 4 1 ]
[ 4 8 2 3 7 ]
[ 6 3 4 6 2 ]
[ 7 3 1 8 3 ]
[ 1 5 7 9 4 ]
], 1, 2, 2, 3, 15
[
[ 0 2 5 4 1 ]
[ 4 8 2 3 7 ]
[ 6 3 4 6 2 ]
[ 7 3 1 8 3 ]
[ 1 5 7 9 4 ]
], 1, 2, 2, 4, 24
[
[ 0 2 5 4 1 ]
[ 4 8 2 3 7 ]
[ 6 3 4 6 2 ]
[ 7 3 1 8 3 ]
[ 1 5 7 9 4 ]
], 1, 2, 3, 3, 24
[
[ 0 2 5 4 1 ]
[ 4 8 2 3 7 ]
[ 6 3 4 6 2 ]
[ 7 3 1 8 3 ]
[ 1 5 7 9 4 ]
], 1, 2, 3, 4, 36
[
[ 0 2 5 4 1 ]
[ 4 8 2 3 7 ]
[ 6 3 4 6 2 ]
[ 7 3 1 8 3 ]
[ 1 5 7 9 4 ]
], 1, 2, 4, 3, 40
[
[ 0 2 5 4 1 ]
[ 4 8 2 3 7 ]
[ 6 3 4 6 2 ]
[ 7 3 1 8 3 ]
[ 1 5 7 9 4 ]
], 1, 2, 4, 4, 56
[
[ 0 2 5 4 1 ]
[ 4 8 2 3 7 ]
[ 6 3 4 6 2 ]
[ 7 3 1 8 3 ]
[ 1 5 7 9 4 ]
], 1, 3, 2, 4, 18
[
[ 0 2 5 4 1 ]
[ 4 8 2 3 7 ]
[ 6 3 4 6 2 ]
[ 7 3 1 8 3 ]
[ 1 5 7 9 4 ]
], 1, 3, 3, 4, 29
[
[ 0 2 5 4 1 ]
[ 4 8 2 3 7 ]
[ 6 3 4 6 2 ]
[ 7 3 1 8 3 ]
[ 1 5 7 9 4 ]
], 1, 3, 4, 4, 42
[
[ 0 2 5 4 1 ]
[ 4 8 2 3 7 ]
[ 6 3 4 6 2 ]
[ 7 3 1 8 3 ]
[ 1 5 7 9 4 ]
], 2, 0, 3, 1, 19
[
[ 0 2 5 4 1 ]
[ 4 8 2 3 7 ]
[ 6 3 4 6 2 ]
[ 7 3 1 8 3 ]
[ 1 5 7 9 4 ]
], 2, 0, 3, 2, 24
[
[ 0 2 5 4 1 ]
[ 4 8 2 3 7 ]
[ 6 3 4 6 2 ]
[ 7 3 1 8 3 ]
[ 1 5 7 9 4 ]
], 2, 0, 3, 3, 38
[
[ 0 2 5 4 1 ]
[ 4 8 2 3 7 ]
[ 6 3 4 6 2 ]
[ 7 3 1 8 3 ]
[ 1 5 7 9 4 ]
], 2, 0, 3, 4, 43
[
[ 0 2 5 4 1 ]
[ 4 8 2 3 7 ]
[ 6 3 4 6 2 ]
[ 7 3 1 8 3 ]
[ 1 5 7 9 4 ]
], 2, 0, 4, 1, 25
[
[ 0 2 5 4 1 ]
[ 4 8 2 3 7 ]
[ 6 3 4 6 2 ]
[ 7 3 1 8 3 ]
[ 1 5 7 9 4 ]
], 2, 0, 4, 2, 37
[
[ 0 2 5 4 1 ]
[ 4 8 2 3 7 ]
[ 6 3 4 6 2 ]
[ 7 3 1 8 3 ]
[ 1 5 7 9 4 ]
], 2, 0, 4, 3, 60
[
[ 0 2 5 4 1 ]
[ 4 8 2 3 7 ]
[ 6 3 4 6 2 ]
[ 7 3 1 8 3 ]
[ 1 5 7 9 4 ]
], 2, 0, 4, 4, 69
[
[ 0 2 5 4 1 ]
[ 4 8 2 3 7 ]
[ 6 3 4 6 2 ]
[ 7 3 1 8 3 ]
[ 1 5 7 9 4 ]
], 2, 1, 3, 2, 11
[
[ 0 2 5 4 1 ]
[ 4 8 2 3 7 ]
[ 6 3 4 6 2 ]
[ 7 3 1 8 3 ]
[ 1 5 7 9 4 ]
], 2, 1, 3, 3, 25
[
[ 0 2 5 4 1 ]
[ 4 8 2 3 7 ]
[ 6 3 4 6 2 ]
[ 7 3 1 8 3 ]
[ 1 5 7 9 4 ]
], 2, 1, 3, 4, 30
[
[ 0 2 5 4 1 ]
[ 4 8 2 3 7 ]
[ 6 3 4 6 2 ]
[ 7 3 1 8 3 ]
[ 1 5 7 9 4 ]
], 2, 1, 4, 2, 23
[
[ 0 2 5 4 1 ]
[ 4 8 2 3 7 ]
[ 6 3 4 6 2 ]
[ 7 3 1 8 3 ]
[ 1 5 7 9 4 ]
], 2, 1, 4, 3, 46
[
[ 0 2 5 4 1 ]
[ 4 8 2 3 7 ]
[ 6 3 4 6 2 ]
[ 7 3 1 8 3 ]
[ 1 5 7 9 4 ]
], 2, 1, 4, 4, 55
[
[ 0 2 5 4 1 ]
[ 4 8 2 3 7 ]
[ 6 3 4 6 2 ]
[ 7 3 1 8 3 ]
[ 1 5 7 9 4 ]
], 2, 2, 3, 3, 19
[
[ 0 2 5 4 1 ]
[ 4 8 2 3 7 ]
[ 6 3 4 6 2 ]
[ 7 3 1 8 3 ]
[ 1 5 7 9 4 ]
], 2, 2, 3, 4, 24
[
[ 0 2 5 4 1 ]
[ 4 8 2 3 7 ]
[ 6 3 4 6 2 ]
[ 7 3 1 8 3 ]
[ 1 5 7 9 4 ]
], 2, 2, 4, 3, 35
[
[ 0 2 5 4 1 ]
[ 4 8 2 3 7 ]
[ 6 3 4 6 2 ]
[ 7 3 1 8 3 ]
[ 1 5 7 9 4 ]
], 2, 2, 4, 4, 44
[
[ 0 2 5 4 1 ]
[ 4 8 2 3 7 ]
[ 6 3 4 6 2 ]
[ 7 3 1 8 3 ]
[ 1 5 7 9 4 ]
], 2, 3, 3, 4, 19
[
[ 0 2 5 4 1 ]
[ 4 8 2 3 7 ]
[ 6 3 4 6 2 ]
[ 7 3 1 8 3 ]
[ 1 5 7 9 4 ]
], 2, 3, 4, 4, 32
[
[ 0 2 5 4 1 ]
[ 4 8 2 3 7 ]
[ 6 3 4 6 2 ]
[ 7 3 1 8 3 ]
[ 1 5 7 9 4 ]
], 3, 0, 4, 1, 16
[
[ 0 2 5 4 1 ]
[ 4 8 2 3 7 ]
[ 6 3 4 6 2 ]
[ 7 3 1 8 3 ]
[ 1 5 7 9 4 ]
], 3, 0, 4, 2, 24
[
[ 0 2 5 4 1 ]
[ 4 8 2 3 7 ]
[ 6 3 4 6 2 ]
[ 7 3 1 8 3 ]
[ 1 5 7 9 4 ]
], 3, 0, 4, 3, 41
[
[ 0 2 5 4 1 ]
[ 4 8 2 3 7 ]
[ 6 3 4 6 2 ]
[ 7 3 1 8 3 ]
[ 1 5 7 9 4 ]
], 3, 0, 4, 4, 48
[
[ 0 2 5 4 1 ]
[ 4 8 2 3 7 ]
[ 6 3 4 6 2 ]
[ 7 3 1 8 3 ]
[ 1 5 7 9 4 ]
], 3, 1, 4, 2, 16
[
[ 0 2 5 4 1 ]
[ 4 8 2 3 7 ]
[ 6 3 4 6 2 ]
[ 7 3 1 8 3 ]
[ 1 5 7 9 4 ]
], 3, 1, 4, 3, 33
[
[ 0 2 5 4 1 ]
[ 4 8 2 3 7 ]
[ 6 3 4 6 2 ]
[ 7 3 1 8 3 ]
[ 1 5 7 9 4 ]
], 3, 1, 4, 4, 40
[
[ 0 2 5 4 1 ]
[ 4 8 2 3 7 ]
[ 6 3 4 6 2 ]
[ 7 3 1 8 3 ]
[ 1 5 7 9 4 ]
], 3, 2, 4, 3, 25
[
[ 0 2 5 4 1 ]
[ 4 8 2 3 7 ]
[ 6 3 4 6 2 ]
[ 7 3 1 8 3 ]
[ 1 5 7 9 4 ]
], 3, 2, 4, 4, 32
[
[ 0 2 5 4 1 ]
[ 4 8 2 3 7 ]
[ 6 3 4 6 2 ]
[ 7 3 1 8 3 ]
[ 1 5 7 9 4 ]
], 3, 3, 4, 4, 24
[
[ 1 2 3 ]
[ 4 5 6 ]
], 0, 0, 1, 1, 12
[
[ 1 2 3 ]
[ 4 5 6 ]
], 0, 0, 1, 2, 21
[
[ 1 2 3 ]
[ 4 5 6 ]
], 0, 1, 1, 2, 16
[
[ 1 2 3 ]
[ 8 9 4 ]
], 0, 0, 1, 1, 20
[
[ 1 2 3 ]
[ 8 9 4 ]
], 0, 0, 1, 2, 27
[
[ 1 2 3 ]
[ 8 9 4 ]
], 0, 1, 1, 2, 18
[
[ 1 2 3 4 ]
[ 12 13 14 5 ]
[ 11 16 15 6 ]
], 0, 0, 1, 1, 28
[
[ 1 2 3 4 ]
[ 12 13 14 5 ]
[ 11 16 15 6 ]
], 0, 0, 1, 2, 45
[
[ 1 2 3 4 ]
[ 12 13 14 5 ]
[ 11 16 15 6 ]
], 0, 0, 1, 3, 54
[
[ 1 2 3 4 ]
[ 12 13 14 5 ]
[ 11 16 15 6 ]
], 0, 0, 2, 1, 55
[
[ 1 2 3 4 ]
[ 12 13 14 5 ]
[ 11 16 15 6 ]
], 0, 0, 2, 2, 87
[
[ 1 2 3 4 ]
[ 12 13 14 5 ]
[ 11 16 15 6 ]
], 0, 0, 2, 3, 102
[
[ 1 2 3 4 ]
[ 12 13 14 5 ]
[ 11 16 15 6 ]
], 0, 1, 1, 2, 32
[
[ 1 2 3 4 ]
[ 12 13 14 5 ]
[ 11 16 15 6 ]
], 0, 1, 1, 3, 41
[
[ 1 2 3 4 ]
[ 12 13 14 5 ]
[ 11 16 15 6 ]
], 0, 1, 2, 2, 63
[
[ 1 2 3 4 ]
[ 12 13 14 5 ]
[ 11 16 15 6 ]
], 0, 1, 2, 3, 78
[
[ 1 2 3 4 ]
[ 12 13 14 5 ]
[ 11 16 15 6 ]
], 0, 2, 1, 3, 26
[
[ 1 2 3 4 ]
[ 12 13 14 5 ]
[ 11 16 15 6 ]
], 0, 2, 2, 3, 47
[
[ 1 2 3 4 ]
[ 12 13 14 5 ]
[ 11 16 15 6 ]
], 1, 0, 2, 1, 52
[
[ 1 2 3 4 ]
[ 12 13 14 5 ]
[ 11 16 15 6 ]
], 1, 0, 2, 2, 81
[
[ 1 2 3 4 ]
[ 12 13 14 5 ]
[ 11 16 15 6 ]
], 1, 0, 2, 3, 92
[
[ 1 2 3 4 ]
[ 12 13 14 5 ]
[ 11 16 15 6 ]
], 1, 1, 2, 2, 58
[
[ 1 2 3 4 ]
[ 12 13 14 5 ]
[ 11 16 15 6 ]
], 1, 1, 2, 3, 69
[
[ 1 2 3 4 ]
[ 12 13 14 5 ]
[ 11 16 15 6 ]
], 1, 2, 2, 3, 40
[
[ 3 3 0 1 2 ]
[ 3 3 0 1 2 ]
], 0, 0, 1, 1, 12
[
[ 3 3 0 1 2 ]
[ 3 3 0 1 2 ]
], 0, 0, 1, 2, 12
[
[ 3 3 0 1 2 ]
[ 3 3 0 1 2 ]
], 0, 0, 1, 3, 14
[
[ 3 3 0 1 2 ]
[ 3 3 0 1 2 ]
], 0, 0, 1, 4, 18
[
[ 3 3 0 1 2 ]
[ 3 3 0 1 2 ]
], 0, 1, 1, 2, 6
[
[ 3 3 0 1 2 ]
[ 3 3 0 1 2 ]
], 0, 1, 1, 3, 8
[
[ 3 3 0 1 2 ]
[ 3 3 0 1 2 ]
], 0, 1, 1, 4, 12
[
[ 3 3 0 1 2 ]
[ 3 3 0 1 2 ]
], 0, 2, 1, 3, 2
[
[ 3 3 0 1 2 ]
[ 3 3 0 1 2 ]
], 0, 2, 1, 4, 6
[
[ 3 3 0 1 2 ]
[ 3 3 0 1 2 ]
], 0, 3, 1, 4, 6
[
[ 3 3 0 1 2 ]
[ 5 3 3 0 1 ]
[ 5 5 3 3 0 ]
[ 4 5 5 3 3 ]
], 0, 0, 1, 1, 14
[
[ 3 3 0 1 2 ]
[ 5 3 3 0 1 ]
[ 5 5 3 3 0 ]
[ 4 5 5 3 3 ]
], 0, 0, 1, 2, 17
[
[ 3 3 0 1 2 ]
[ 5 3 3 0 1 ]
[ 5 5 3 3 0 ]
[ 4 5 5 3 3 ]
], 0, 0, 1, 3, 18
[
[ 3 3 0 1 2 ]
[ 5 3 3 0 1 ]
[ 5 5 3 3 0 ]
[ 4 5 5 3 3 ]
], 0, 0, 1, 4, 21
[
[ 3 3 0 1 2 ]
[ 5 3 3 0 1 ]
[ 5 5 3 3 0 ]
[ 4 5 5 3 3 ]
], 0, 0, 2, 1, 24
[
[ 3 3 0 1 2 ]
[ 5 3 3 0 1 ]
[ 5 5 3 3 0 ]
[ 4 5 5 3 3 ]
], 0, 0, 2, 2, 30
[
[ 3 3 0 1 2 ]
[ 5 3 3 0 1 ]
[ 5 5 3 3 0 ]
[ 4 5 5 3 3 ]
], 0, 0, 2, 3, 34
[
[ 3 3 0 1 2 ]
[ 5 3 3 0 1 ]
[ 5 5 3 3 0 ]
[ 4 5 5 3 3 ]
], 0, 0, 2, 4, 37
[
[ 3 3 0 1 2 ]
[ 5 3 3 0 1 ]
[ 5 5 3 3 0 ]
[ 4 5 5 3 3 ]
], 0, 0, 3, 1, 33
[
[ 3 3 0 1 2 ]
[ 5 3 3 0 1 ]
[ 5 5 3 3 0 ]
[ 4 5 5 3 3 ]
], 0, 0, 3, 2, 44
[
[ 3 3 0 1 2 ]
[ 5 3 3 0 1 ]
[ 5 5 3 3 0 ]
[ 4 5 5 3 3 ]
], 0, 0, 3, 3, 51
[
[ 3 3 0 1 2 ]
[ 5 3 3 0 1 ]
[ 5 5 3 3 0 ]
[ 4 5 5 3 3 ]
], 0, 0, 3, 4, 57
[
[ 3 3 0 1 2 ]
[ 5 3 3 0 1 ]
[ 5 5 3 3 0 ]
[ 4 5 5 3 3 ]
], 0, 1, 1, 2, 9
[
[ 3 3 0 1 2 ]
[ 5 3 3 0 1 ]
[ 5 5 3 3 0 ]
[ 4 5 5 3 3 ]
], 0, 1, 1, 3, 10
[
[ 3 3 0 1 2 ]
[ 5 3 3 0 1 ]
[ 5 5 3 3 0 ]
[ 4 5 5 3 3 ]
], 0, 1, 1, 4, 13
[
[ 3 3 0 1 2 ]
[ 5 3 3 0 1 ]
[ 5 5 3 3 0 ]
[ 4 5 5 3 3 ]
], 0, 1, 2, 2, 17
[
[ 3 3 0 1 2 ]
[ 5 3 3 0 1 ]
[ 5 5 3 3 0 ]
[ 4 5 5 3 3 ]
], 0, 1, 2, 3, 21
[
[ 3 3 0 1 2 ]
[ 5 3 3 0 1 ]
[ 5 5 3 3 0 ]
[ 4 5 5 3 3 ]
], 0, 1, 2, 4, 24
[
[ 3 3 0 1 2 ]
[ 5 3 3 0 1 ]
[ 5 5 3 3 0 ]
[ 4 5 5 3 3 ]
], 0, 1, 3, 2, 27
[
[ 3 3 0 1 2 ]
[ 5 3 3 0 1 ]
[ 5 5 3 3 0 ]
[ 4 5 5 3 3 ]
], 0, 1, 3, 3, 34
[
[ 3 3 0 1 2 ]
[ 5 3 3 0 1 ]
[ 5 5 3 3 0 ]
[ 4 5 5 3 3 ]
], 0, 1, 3, 4, 40
[
[ 3 3 0 1 2 ]
[ 5 3 3 0 1 ]
[ 5 5 3 3 0 ]
[ 4 5 5 3 3 ]
], 0, 2, 1, 3, 4
[
[ 3 3 0 1 2 ]
[ 5 3 3 0 1 ]
[ 5 5 3 3 0 ]
[ 4 5 5 3 3 ]
], 0, 2, 1, 4, 7
[
[ 3 3 0 1 2 ]
[ 5 3 3 0 1 ]
[ 5 5 3 3 0 ]
[ 4 5 5 3 3 ]
], 0, 2, 2, 3, 10
[
[ 3 3 0 1 2 ]
[ 5 3 3 0 1 ]
[ 5 5 3 3 0 ]
[ 4 5 5 3 3 ]
], 0, 2, 2, 4, 13
[
[ 3 3 0 1 2 ]
[ 5 3 3 0 1 ]
[ 5 5 3 3 0 ]
[ 4 5 5 3 3 ]
], 0, 2, 3, 3, 18
[
[ 3 3 0 1 2 ]
[ 5 3 3 0 1 ]
[ 5 5 3 3 0 ]
[ 4 5 5 3 3 ]
], 0, 2, 3, 4, 24
[
[ 3 3 0 1 2 ]
[ 5 3 3 0 1 ]
[ 5 5 3 3 0 ]
[ 4 5 5 3 3 ]
], 0, 3, 1, 4, 4
[
[ 3 3 0 1 2 ]
[ 5 3 3 0 1 ]
[ 5 5 3 3 0 ]
[ 4 5 5 3 3 ]
], 0, 3, 2, 4, 7
[
[ 3 3 0 1 2 ]
[ 5 3 3 0 1 ]
[ 5 5 3 3 0 ]
[ 4 5 5 3 3 ]
], 0, 3, 3, 4, 13
[
[ 3 3 0 1 2 ]
[ 5 3 3 0 1 ]
[ 5 5 3 3 0 ]
[ 4 5 5 3 3 ]
], 1, 0, 2, 1, 18
[
[ 3 3 0 1 2 ]
[ 5 3 3 0 1 ]
[ 5 5 3 3 0 ]
[ 4 5 5 3 3 ]
], 1, 0, 2, 2, 24
[
[ 3 3 0 1 2 ]
[ 5 3 3 0 1 ]
[ 5 5 3 3 0 ]
[ 4 5 5 3 3 ]
], 1, 0, 2, 3, 27
[
[ 3 3 0 1 2 ]
[ 5 3 3 0 1 ]
[ 5 5 3 3 0 ]
[ 4 5 5 3 3 ]
], 1, 0, 2, 4, 28
[
[ 3 3 0 1 2 ]
[ 5 3 3 0 1 ]
[ 5 5 3 3 0 ]
[ 4 5 5 3 3 ]
], 1, 0, 3, 1, 27
[
[ 3 3 0 1 2 ]
[ 5 3 3 0 1 ]
[ 5 5 3 3 0 ]
[ 4 5 5 3 3 ]
], 1, 0, 3, 2, 38
[
[ 3 3 0 1 2 ]
[ 5 3 3 0 1 ]
[ 5 5 3 3 0 ]
[ 4 5 5 3 3 ]
], 1, 0, 3, 3, 44
[
[ 3 3 0 1 2 ]
[ 5 3 3 0 1 ]
[ 5 5 3 3 0 ]
[ 4 5 5 3 3 ]
], 1, 0, 3, 4, 48
[
[ 3 3 0 1 2 ]
[ 5 3 3 0 1 ]
[ 5 5 3 3 0 ]
[ 4 5 5 3 3 ]
], 1, 1, 2, 2, 14
[
[ 3 3 0 1 2 ]
[ 5 3 3 0 1 ]
[ 5 5 3 3 0 ]
[ 4 5 5 3 3 ]
], 1, 1, 2, 3, 17
[
[ 3 3 0 1 2 ]
[ 5 3 3 0 1 ]
[ 5 5 3 3 0 ]
[ 4 5 5 3 3 ]
], 1, 1, 2, 4, 18
[
[ 3 3 0 1 2 ]
[ 5 3 3 0 1 ]
[ 5 5 3 3 0 ]
[ 4 5 5 3 3 ]
], 1, 1, 3, 2, 24
[
[ 3 3 0 1 2 ]
[ 5 3 3 0 1 ]
[ 5 5 3 3 0 ]
[ 4 5 5 3 3 ]
], 1, 1, 3, 3, 30
[
[ 3 3 0 1 2 ]
[ 5 3 3 0 1 ]
[ 5 5 3 3 0 ]
[ 4 5 5 3 3 ]
], 1, 1, 3, 4, 34
[
[ 3 3 0 1 2 ]
[ 5 3 3 0 1 ]
[ 5 5 3 3 0 ]
[ 4 5 5 3 3 ]
], 1, 2, 2, 3, 9
[
[ 3 3 0 1 2 ]
[ 5 3 3 0 1 ]
[ 5 5 3 3 0 ]
[ 4 5 5 3 3 ]
], 1, 2, 2, 4, 10
[
[ 3 3 0 1 2 ]
[ 5 3 3 0 1 ]
[ 5 5 3 3 0 ]
[ 4 5 5 3 3 ]
], 1, 2, 3, 3, 17
[
[ 3 3 0 1 2 ]
[ 5 3 3 0 1 ]
[ 5 5 3 3 0 ]
[ 4 5 5 3 3 ]
], 1, 2, 3, 4, 21
[
[ 3 3 0 1 2 ]
[ 5 3 3 0 1 ]
[ 5 5 3 3 0 ]
[ 4 5 5 3 3 ]
], 1, 3, 2, 4, 4
[
[ 3 3 0 1 2 ]
[ 5 3 3 0 1 ]
[ 5 5 3 3 0 ]
[ 4 5 5 3 3 ]
], 1, 3, 3, 4, 10
[
[ 3 3 0 1 2 ]
[ 5 3 3 0 1 ]
[ 5 5 3 3 0 ]
[ 4 5 5 3 3 ]
], 2, 0, 3, 1, 19
[
[ 3 3 0 1 2 ]
[ 5 3 3 0 1 ]
[ 5 5 3 3 0 ]
[ 4 5 5 3 3 ]
], 2, 0, 3, 2, 27
[
[ 3 3 0 1 2 ]
[ 5 3 3 0 1 ]
[ 5 5 3 3 0 ]
[ 4 5 5 3 3 ]
], 2, 0, 3, 3, 33
[
[ 3 3 0 1 2 ]
[ 5 3 3 0 1 ]
[ 5 5 3 3 0 ]
[ 4 5 5 3 3 ]
], 2, 0, 3, 4, 36
[
[ 3 3 0 1 2 ]
[ 5 3 3 0 1 ]
[ 5 5 3 3 0 ]
[ 4 5 5 3 3 ]
], 2, 1, 3, 2, 18
[
[ 3 3 0 1 2 ]
[ 5 3 3 0 1 ]
[ 5 5 3 3 0 ]
[ 4 5 5 3 3 ]
], 2, 1, 3, 3, 24
[
[ 3 3 0 1 2 ]
[ 5 3 3 0 1 ]
[ 5 5 3 3 0 ]
[ 4 5 5 3 3 ]
], 2, 1, 3, 4, 27
[
[ 3 3 0 1 2 ]
[ 5 3 3 0 1 ]
[ 5 5 3 3 0 ]
[ 4 5 5 3 3 ]
], 2, 2, 3, 3, 14
[
[ 3 3 0 1 2 ]
[ 5 3 3 0 1 ]
[ 5 5 3 3 0 ]
[ 4 5 5 3 3 ]
], 2, 2, 3, 4, 17
[
[ 3 3 0 1 2 ]
[ 5 3 3 0 1 ]
[ 5 5 3 3 0 ]
[ 4 5 5 3 3 ]
], 2, 3, 3, 4, 9
[
[ -3 3 0 1 2 ]
[ 5 -3 3 0 1 ]
[ 5 5 -3 3 0 ]
[ 4 5 5 -3 3 ]
], 0, 0, 1, 1, 2
[
[ -3 3 0 1 2 ]
[ 5 -3 3 0 1 ]
[ 5 5 -3 3 0 ]
[ 4 5 5 -3 3 ]
], 0, 0, 1, 2, 5
[
[ -3 3 0 1 2 ]
[ 5 -3 3 0 1 ]
[ 5 5 -3 3 0 ]
[ 4 5 5 -3 3 ]
], 0, 0, 1, 3, 6
[
[ -3 3 0 1 2 ]
[ 5 -3 3 0 1 ]
[ 5 5 -3 3 0 ]
[ 4 5 5 -3 3 ]
], 0, 0, 1, 4, 9
[
[ -3 3 0 1 2 ]
[ 5 -3 3 0 1 ]
[ 5 5 -3 3 0 ]
[ 4 5 5 -3 3 ]
], 0, 0, 2, 1, 12
[
[ -3 3 0 1 2 ]
[ 5 -3 3 0 1 ]
[ 5 5 -3 3 0 ]
[ 4 5 5 -3 3 ]
], 0, 0, 2, 2, 12
[
[ -3 3 0 1 2 ]
[ 5 -3 3 0 1 ]
[ 5 5 -3 3 0 ]
[ 4 5 5 -3 3 ]
], 0, 0, 2, 3, 16
[
[ -3 3 0 1 2 ]
[ 5 -3 3 0 1 ]
[ 5 5 -3 3 0 ]
[ 4 5 5 -3 3 ]
], 0, 0, 2, 4, 19
[
[ -3 3 0 1 2 ]
[ 5 -3 3 0 1 ]
[ 5 5 -3 3 0 ]
[ 4 5 5 -3 3 ]
], 0, 0, 3, 1, 21
[
[ -3 3 0 1 2 ]
[ 5 -3 3 0 1 ]
[ 5 5 -3 3 0 ]
[ 4 5 5 -3 3 ]
], 0, 0, 3, 2, 26
[
[ -3 3 0 1 2 ]
[ 5 -3 3 0 1 ]
[ 5 5 -3 3 0 ]
[ 4 5 5 -3 3 ]
], 0, 0, 3, 3, 27
[
[ -3 3 0 1 2 ]
[ 5 -3 3 0 1 ]
[ 5 5 -3 3 0 ]
[ 4 5 5 -3 3 ]
], 0, 0, 3, 4, 33
[
[ -3 3 0 1 2 ]
[ 5 -3 3 0 1 ]
[ 5 5 -3 3 0 ]
[ 4 5 5 -3 3 ]
], 0, 1, 1, 2, 3
[
[ -3 3 0 1 2 ]
[ 5 -3 3 0 1 ]
[ 5 5 -3 3 0 ]
[ 4 5 5 -3 3 ]
], 0, 1, 1, 3, 4
[
[ -3 3 0 1 2 ]
[ 5 -3 3 0 1 ]
[ 5 5 -3 3 0 ]
[ 4 5 5 -3 3 ]
], 0, 1, 1, 4, 7
[
[ -3 3 0 1 2 ]
[ 5 -3 3 0 1 ]
[ 5 5 -3 3 0 ]
[ 4 5 5 -3 3 ]
], 0, 1, 2, 2, 5
[
[ -3 3 0 1 2 ]
[ 5 -3 3 0 1 ]
[ 5 5 -3 3 0 ]
[ 4 5 5 -3 3 ]
], 0, 1, 2, 3, 9
[
[ -3 3 0 1 2 ]
[ 5 -3 3 0 1 ]
[ 5 5 -3 3 0 ]
[ 4 5 5 -3 3 ]
], 0, 1, 2, 4, 12
[
[ -3 3 0 1 2 ]
[ 5 -3 3 0 1 ]
[ 5 5 -3 3 0 ]
[ 4 5 5 -3 3 ]
], 0, 1, 3, 2, 15
[
[ -3 3 0 1 2 ]
[ 5 -3 3 0 1 ]
[ 5 5 -3 3 0 ]
[ 4 5 5 -3 3 ]
], 0, 1, 3, 3, 16
[
[ -3 3 0 1 2 ]
[ 5 -3 3 0 1 ]
[ 5 5 -3 3 0 ]
[ 4 5 5 -3 3 ]
], 0, 1, 3, 4, 22
[
[ -3 3 0 1 2 ]
[ 5 -3 3 0 1 ]
[ 5 5 -3 3 0 ]
[ 4 5 5 -3 3 ]
], 0, 2, 1, 3, 4
[
[ -3 3 0 1 2 ]
[ 5 -3 3 0 1 ]
[ 5 5 -3 3 0 ]
[ 4 5 5 -3 3 ]
], 0, 2, 1, 4, 7
[
[ -3 3 0 1 2 ]
[ 5 -3 3 0 1 ]
[ 5 5 -3 3 0 ]
[ 4 5 5 -3 3 ]
], 0, 2, 2, 3, 4
[
[ -3 3 0 1 2 ]
[ 5 -3 3 0 1 ]
[ 5 5 -3 3 0 ]
[ 4 5 5 -3 3 ]
], 0, 2, 2, 4, 7
[
[ -3 3 0 1 2 ]
[ 5 -3 3 0 1 ]
[ 5 5 -3 3 0 ]
[ 4 5 5 -3 3 ]
], 0, 2, 3, 3, 6
[
[ -3 3 0 1 2 ]
[ 5 -3 3 0 1 ]
[ 5 5 -3 3 0 ]
[ 4 5 5 -3 3 ]
], 0, 2, 3, 4, 12
[
[ -3 3 0 1 2 ]
[ 5 -3 3 0 1 ]
[ 5 5 -3 3 0 ]
[ 4 5 5 -3 3 ]
], 0, 3, 1, 4, 4
[
[ -3 3 0 1 2 ]
[ 5 -3 3 0 1 ]
[ 5 5 -3 3 0 ]
[ 4 5 5 -3 3 ]
], 0, 3, 2, 4, 7
[
[ -3 3 0 1 2 ]
[ 5 -3 3 0 1 ]
[ 5 5 -3 3 0 ]
[ 4 5 5 -3 3 ]
], 0, 3, 3, 4, 7
[
[ -3 3 0 1 2 ]
[ 5 -3 3 0 1 ]
[ 5 5 -3 3 0 ]
[ 4 5 5 -3 3 ]
], 1, 0, 2, 1, 12
[
[ -3 3 0 1 2 ]
[ 5 -3 3 0 1 ]
[ 5 5 -3 3 0 ]
[ 4 5 5 -3 3 ]
], 1, 0, 2, 2, 12
[
[ -3 3 0 1 2 ]
[ 5 -3 3 0 1 ]
[ 5 5 -3 3 0 ]
[ 4 5 5 -3 3 ]
], 1, 0, 2, 3, 15
[
[ -3 3 0 1 2 ]
[ 5 -3 3 0 1 ]
[ 5 5 -3 3 0 ]
[ 4 5 5 -3 3 ]
], 1, 0, 2, 4, 16
[
[ -3 3 0 1 2 ]
[ 5 -3 3 0 1 ]
[ 5 5 -3 3 0 ]
[ 4 5 5 -3 3 ]
], 1, 0, 3, 1, 21
[
[ -3 3 0 1 2 ]
[ 5 -3 3 0 1 ]
[ 5 5 -3 3 0 ]
[ 4 5 5 -3 3 ]
], 1, 0, 3, 2, 26
[
[ -3 3 0 1 2 ]
[ 5 -3 3 0 1 ]
[ 5 5 -3 3 0 ]
[ 4 5 5 -3 3 ]
], 1, 0, 3, 3, 26
[
[ -3 3 0 1 2 ]
[ 5 -3 3 0 1 ]
[ 5 5 -3 3 0 ]
[ 4 5 5 -3 3 ]
], 1, 0, 3, 4, 30
[
[ -3 3 0 1 2 ]
[ 5 -3 3 0 1 ]
[ 5 5 -3 3 0 ]
[ 4 5 5 -3 3 ]
], 1, 1, 2, 2, 2
[
[ -3 3 0 1 2 ]
[ 5 -3 3 0 1 ]
[ 5 5 -3 3 0 ]
[ 4 5 5 -3 3 ]
], 1, 1, 2, 3, 5
[
[ -3 3 0 1 2 ]
[ 5 -3 3 0 1 ]
[ 5 5 -3 3 0 ]
[ 4 5 5 -3 3 ]
], 1, 1, 2, 4, 6
[
[ -3 3 0 1 2 ]
[ 5 -3 3 0 1 ]
[ 5 5 -3 3 0 ]
[ 4 5 5 -3 3 ]
], 1, 1, 3, 2, 12
[
[ -3 3 0 1 2 ]
[ 5 -3 3 0 1 ]
[ 5 5 -3 3 0 ]
[ 4 5 5 -3 3 ]
], 1, 1, 3, 3, 12
[
[ -3 3 0 1 2 ]
[ 5 -3 3 0 1 ]
[ 5 5 -3 3 0 ]
[ 4 5 5 -3 3 ]
], 1, 1, 3, 4, 16
[
[ -3 3 0 1 2 ]
[ 5 -3 3 0 1 ]
[ 5 5 -3 3 0 ]
[ 4 5 5 -3 3 ]
], 1, 2, 2, 3, 3
[
[ -3 3 0 1 2 ]
[ 5 -3 3 0 1 ]
[ 5 5 -3 3 0 ]
[ 4 5 5 -3 3 ]
], 1, 2, 2, 4, 4
[
[ -3 3 0 1 2 ]
[ 5 -3 3 0 1 ]
[ 5 5 -3 3 0 ]
[ 4 5 5 -3 3 ]
], 1, 2, 3, 3, 5
[
[ -3 3 0 1 2 ]
[ 5 -3 3 0 1 ]
[ 5 5 -3 3 0 ]
[ 4 5 5 -3 3 ]
], 1, 2, 3, 4, 9
[
[ -3 3 0 1 2 ]
[ 5 -3 3 0 1 ]
[ 5 5 -3 3 0 ]
[ 4 5 5 -3 3 ]
], 1, 3, 2, 4, 4
[
[ -3 3 0 1 2 ]
[ 5 -3 3 0 1 ]
[ 5 5 -3 3 0 ]
[ 4 5 5 -3 3 ]
], 1, 3, 3, 4, 4
[
[ -3 3 0 1 2 ]
[ 5 -3 3 0 1 ]
[ 5 5 -3 3 0 ]
[ 4 5 5 -3 3 ]
], 2, 0, 3, 1, 19
[
[ -3 3 0 1 2 ]
[ 5 -3 3 0 1 ]
[ 5 5 -3 3 0 ]
[ 4 5 5 -3 3 ]
], 2, 0, 3, 2, 21
[
[ -3 3 0 1 2 ]
[ 5 -3 3 0 1 ]
[ 5 5 -3 3 0 ]
[ 4 5 5 -3 3 ]
], 2, 0, 3, 3, 21
[
[ -3 3 0 1 2 ]
[ 5 -3 3 0 1 ]
[ 5 5 -3 3 0 ]
[ 4 5 5 -3 3 ]
], 2, 0, 3, 4, 24
[
[ -3 3 0 1 2 ]
[ 5 -3 3 0 1 ]
[ 5 5 -3 3 0 ]
[ 4 5 5 -3 3 ]
], 2, 1, 3, 2, 12
[
[ -3 3 0 1 2 ]
[ 5 -3 3 0 1 ]
[ 5 5 -3 3 0 ]
[ 4 5 5 -3 3 ]
], 2, 1, 3, 3, 12
[
[ -3 3 0 1 2 ]
[ 5 -3 3 0 1 ]
[ 5 5 -3 3 0 ]
[ 4 5 5 -3 3 ]
], 2, 1, 3, 4, 15
[
[ -3 3 0 1 2 ]
[ 5 -3 3 0 1 ]
[ 5 5 -3 3 0 ]
[ 4 5 5 -3 3 ]
], 2, 2, 3, 3, 2
[
[ -3 3 0 1 2 ]
[ 5 -3 3 0 1 ]
[ 5 5 -3 3 0 ]
[ 4 5 5 -3 3 ]
], 2, 2, 3, 4, 5
[
[ -3 3 0 1 2 ]
[ 5 -3 3 0 1 ]
[ 5 5 -3 3 0 ]
[ 4 5 5 -3 3 ]
], 2, 3, 3, 4, 3
[
[ -3 -3 0 1 1 ]
[ 5 -3 -3 0 1 ]
[ 5 5 -3 -3 0 ]
[ 4 5 5 -3 -3 ]
], 0, 0, 1, 1, -4
[
[ -3 -3 0 1 1 ]
[ 5 -3 -3 0 1 ]
[ 5 5 -3 -3 0 ]
[ 4 5 5 -3 -3 ]
], 0, 0, 1, 2, -7
[
[ -3 -3 0 1 1 ]
[ 5 -3 -3 0 1 ]
[ 5 5 -3 -3 0 ]
[ 4 5 5 -3 -3 ]
], 0, 0, 1, 3, -6
[
[ -3 -3 0 1 1 ]
[ 5 -3 -3 0 1 ]
[ 5 5 -3 -3 0 ]
[ 4 5 5 -3 -3 ]
], 0, 0, 1, 4, -4
[
[ -3 -3 0 1 1 ]
[ 5 -3 -3 0 1 ]
[ 5 5 -3 -3 0 ]
[ 4 5 5 -3 -3 ]
], 0, 0, 2, 1, 6
[
[ -3 -3 0 1 1 ]
[ 5 -3 -3 0 1 ]
[ 5 5 -3 -3 0 ]
[ 4 5 5 -3 -3 ]
], 0, 0, 2, 2, 0
[
[ -3 -3 0 1 1 ]
[ 5 -3 -3 0 1 ]
[ 5 5 -3 -3 0 ]
[ 4 5 5 -3 -3 ]
], 0, 0, 2, 3, -2
[
[ -3 -3 0 1 1 ]
[ 5 -3 -3 0 1 ]
[ 5 5 -3 -3 0 ]
[ 4 5 5 -3 -3 ]
], 0, 0, 2, 4, 0
[
[ -3 -3 0 1 1 ]
[ 5 -3 -3 0 1 ]
[ 5 5 -3 -3 0 ]
[ 4 5 5 -3 -3 ]
], 0, 0, 3, 1, 15
[
[ -3 -3 0 1 1 ]
[ 5 -3 -3 0 1 ]
[ 5 5 -3 -3 0 ]
[ 4 5 5 -3 -3 ]
], 0, 0, 3, 2, 14
[
[ -3 -3 0 1 1 ]
[ 5 -3 -3 0 1 ]
[ 5 5 -3 -3 0 ]
[ 4 5 5 -3 -3 ]
], 0, 0, 3, 3, 9
[
[ -3 -3 0 1 1 ]
[ 5 -3 -3 0 1 ]
[ 5 5 -3 -3 0 ]
[ 4 5 5 -3 -3 ]
], 0, 0, 3, 4, 8
[
[ -3 -3 0 1 1 ]
[ 5 -3 -3 0 1 ]
[ 5 5 -3 -3 0 ]
[ 4 5 5 -3 -3 ]
], 0, 1, 1, 2, -9
[
[ -3 -3 0 1 1 ]
[ 5 -3 -3 0 1 ]
[ 5 5 -3 -3 0 ]
[ 4 5 5 -3 -3 ]
], 0, 1, 1, 3, -8
[
[ -3 -3 0 1 1 ]
[ 5 -3 -3 0 1 ]
[ 5 5 -3 -3 0 ]
[ 4 5 5 -3 -3 ]
], 0, 1, 1, 4, -6
[
[ -3 -3 0 1 1 ]
[ 5 -3 -3 0 1 ]
[ 5 5 -3 -3 0 ]
[ 4 5 5 -3 -3 ]
], 0, 1, 2, 2, -7
[
[ -3 -3 0 1 1 ]
[ 5 -3 -3 0 1 ]
[ 5 5 -3 -3 0 ]
[ 4 5 5 -3 -3 ]
], 0, 1, 2, 3, -9
[
[ -3 -3 0 1 1 ]
[ 5 -3 -3 0 1 ]
[ 5 5 -3 -3 0 ]
[ 4 5 5 -3 -3 ]
], 0, 1, 2, 4, -7
[
[ -3 -3 0 1 1 ]
[ 5 -3 -3 0 1 ]
[ 5 5 -3 -3 0 ]
[ 4 5 5 -3 -3 ]
], 0, 1, 3, 2, 3
[
[ -3 -3 0 1 1 ]
[ 5 -3 -3 0 1 ]
[ 5 5 -3 -3 0 ]
[ 4 5 5 -3 -3 ]
], 0, 1, 3, 3, -2
[
[ -3 -3 0 1 1 ]
[ 5 -3 -3 0 1 ]
[ 5 5 -3 -3 0 ]
[ 4 5 5 -3 -3 ]
], 0, 1, 3, 4, -3
[
[ -3 -3 0 1 1 ]
[ 5 -3 -3 0 1 ]
[ 5 5 -3 -3 0 ]
[ 4 5 5 -3 -3 ]
], 0, 2, 1, 3, -2
[
[ -3 -3 0 1 1 ]
[ 5 -3 -3 0 1 ]
[ 5 5 -3 -3 0 ]
[ 4 5 5 -3 -3 ]
], 0, 2, 1, 4, 0
[
[ -3 -3 0 1 1 ]
[ 5 -3 -3 0 1 ]
[ 5 5 -3 -3 0 ]
[ 4 5 5 -3 -3 ]
], 0, 2, 2, 3, -8
[
[ -3 -3 0 1 1 ]
[ 5 -3 -3 0 1 ]
[ 5 5 -3 -3 0 ]
[ 4 5 5 -3 -3 ]
], 0, 2, 2, 4, -6
[
[ -3 -3 0 1 1 ]
[ 5 -3 -3 0 1 ]
[ 5 5 -3 -3 0 ]
[ 4 5 5 -3 -3 ]
], 0, 2, 3, 3, -6
[
[ -3 -3 0 1 1 ]
[ 5 -3 -3 0 1 ]
[ 5 5 -3 -3 0 ]
[ 4 5 5 -3 -3 ]
], 0, 2, 3, 4, -7
[
[ -3 -3 0 1 1 ]
[ 5 -3 -3 0 1 ]
[ 5 5 -3 -3 0 ]
[ 4 5 5 -3 -3 ]
], 0, 3, 1, 4, 3
[
[ -3 -3 0 1 1 ]
[ 5 -3 -3 0 1 ]
[ 5 5 -3 -3 0 ]
[ 4 5 5 -3 -3 ]
], 0, 3, 2, 4, 0
[
[ -3 -3 0 1 1 ]
[ 5 -3 -3 0 1 ]
[ 5 5 -3 -3 0 ]
[ 4 5 5 -3 -3 ]
], 0, 3, 3, 4, -6
[
[ -3 -3 0 1 1 ]
[ 5 -3 -3 0 1 ]
[ 5 5 -3 -3 0 ]
[ 4 5 5 -3 -3 ]
], 1, 0, 2, 1, 12
[
[ -3 -3 0 1 1 ]
[ 5 -3 -3 0 1 ]
[ 5 5 -3 -3 0 ]
[ 4 5 5 -3 -3 ]
], 1, 0, 2, 2, 6
[
[ -3 -3 0 1 1 ]
[ 5 -3 -3 0 1 ]
[ 5 5 -3 -3 0 ]
[ 4 5 5 -3 -3 ]
], 1, 0, 2, 3, 3
[
[ -3 -3 0 1 1 ]
[ 5 -3 -3 0 1 ]
[ 5 5 -3 -3 0 ]
[ 4 5 5 -3 -3 ]
], 1, 0, 2, 4, 4
[
[ -3 -3 0 1 1 ]
[ 5 -3 -3 0 1 ]
[ 5 5 -3 -3 0 ]
[ 4 5 5 -3 -3 ]
], 1, 0, 3, 1, 21
[
[ -3 -3 0 1 1 ]
[ 5 -3 -3 0 1 ]
[ 5 5 -3 -3 0 ]
[ 4 5 5 -3 -3 ]
], 1, 0, 3, 2, 20
[
[ -3 -3 0 1 1 ]
[ 5 -3 -3 0 1 ]
[ 5 5 -3 -3 0 ]
[ 4 5 5 -3 -3 ]
], 1, 0, 3, 3, 14
[
[ -3 -3 0 1 1 ]
[ 5 -3 -3 0 1 ]
[ 5 5 -3 -3 0 ]
[ 4 5 5 -3 -3 ]
], 1, 0, 3, 4, 12
[
[ -3 -3 0 1 1 ]
[ 5 -3 -3 0 1 ]
[ 5 5 -3 -3 0 ]
[ 4 5 5 -3 -3 ]
], 1, 1, 2, 2, -4
[
[ -3 -3 0 1 1 ]
[ 5 -3 -3 0 1 ]
[ 5 5 -3 -3 0 ]
[ 4 5 5 -3 -3 ]
], 1, 1, 2, 3, -7
[
[ -3 -3 0 1 1 ]
[ 5 -3 -3 0 1 ]
[ 5 5 -3 -3 0 ]
[ 4 5 5 -3 -3 ]
], 1, 1, 2, 4, -6
[
[ -3 -3 0 1 1 ]
[ 5 -3 -3 0 1 ]
[ 5 5 -3 -3 0 ]
[ 4 5 5 -3 -3 ]
], 1, 1, 3, 2, 6
[
[ -3 -3 0 1 1 ]
[ 5 -3 -3 0 1 ]
[ 5 5 -3 -3 0 ]
[ 4 5 5 -3 -3 ]
], 1, 1, 3, 3, 0
[
[ -3 -3 0 1 1 ]
[ 5 -3 -3 0 1 ]
[ 5 5 -3 -3 0 ]
[ 4 5 5 -3 -3 ]
], 1, 1, 3, 4, -2
[
[ -3 -3 0 1 1 ]
[ 5 -3 -3 0 1 ]
[ 5 5 -3 -3 0 ]
[ 4 5 5 -3 -3 ]
], 1, 2, 2, 3, -9
[
[ -3 -3 0 1 1 ]
[ 5 -3 -3 0 1 ]
[ 5 5 -3 -3 0 ]
[ 4 5 5 -3 -3 ]
], 1, 2, 2, 4, -8
[
[ -3 -3 0 1 1 ]
[ 5 -3 -3 0 1 ]
[ 5 5 -3 -3 0 ]
[ 4 5 5 -3 -3 ]
], 1, 2, 3, 3, -7
[
[ -3 -3 0 1 1 ]
[ 5 -3 -3 0 1 ]
[ 5 5 -3 -3 0 ]
[ 4 5 5 -3 -3 ]
], 1, 2, 3, 4, -9
[
[ -3 -3 0 1 1 ]
[ 5 -3 -3 0 1 ]
[ 5 5 -3 -3 0 ]
[ 4 5 5 -3 -3 ]
], 1, 3, 2, 4, -2
[
[ -3 -3 0 1 1 ]
[ 5 -3 -3 0 1 ]
[ 5 5 -3 -3 0 ]
[ 4 5 5 -3 -3 ]
], 1, 3, 3, 4, -8
[
[ -3 -3 0 1 1 ]
[ 5 -3 -3 0 1 ]
[ 5 5 -3 -3 0 ]
[ 4 5 5 -3 -3 ]
], 2, 0, 3, 1, 19
[
[ -3 -3 0 1 1 ]
[ 5 -3 -3 0 1 ]
[ 5 5 -3 -3 0 ]
[ 4 5 5 -3 -3 ]
], 2, 0, 3, 2, 21
[
[ -3 -3 0 1 1 ]
[ 5 -3 -3 0 1 ]
[ 5 5 -3 -3 0 ]
[ 4 5 5 -3 -3 ]
], 2, 0, 3, 3, 15
[
[ -3 -3 0 1 1 ]
[ 5 -3 -3 0 1 ]
[ 5 5 -3 -3 0 ]
[ 4 5 5 -3 -3 ]
], 2, 0, 3, 4, 12
[
[ -3 -3 0 1 1 ]
[ 5 -3 -3 0 1 ]
[ 5 5 -3 -3 0 ]
[ 4 5 5 -3 -3 ]
], 2, 1, 3, 2, 12
[
[ -3 -3 0 1 1 ]
[ 5 -3 -3 0 1 ]
[ 5 5 -3 -3 0 ]
[ 4 5 5 -3 -3 ]
], 2, 1, 3, 3, 6
[
[ -3 -3 0 1 1 ]
[ 5 -3 -3 0 1 ]
[ 5 5 -3 -3 0 ]
[ 4 5 5 -3 -3 ]
], 2, 1, 3, 4, 3
[
[ -3 -3 0 1 1 ]
[ 5 -3 -3 0 1 ]
[ 5 5 -3 -3 0 ]
[ 4 5 5 -3 -3 ]
], 2, 2, 3, 3, -4
[
[ -3 -3 0 1 1 ]
[ 5 -3 -3 0 1 ]
[ 5 5 -3 -3 0 ]
[ 4 5 5 -3 -3 ]
], 2, 2, 3, 4, -7
[
[ -3 -3 0 1 1 ]
[ 5 -3 -3 0 1 ]
[ 5 5 -3 -3 0 ]
[ 4 5 5 -3 -3 ]
], 2, 3, 3, 4, -9
[
[ 3 3 0 1 2 ]
[ 5 3 3 0 1 ]
[ 5 5 3 4 0 ]
[ 4 5 5 3 3 ]
], 0, 0, 1, 1, 14
[
[ 3 3 0 1 2 ]
[ 5 3 3 0 1 ]
[ 5 5 3 4 0 ]
[ 4 5 5 3 3 ]
], 0, 0, 1, 2, 17
[
[ 3 3 0 1 2 ]
[ 5 3 3 0 1 ]
[ 5 5 3 4 0 ]
[ 4 5 5 3 3 ]
], 0, 0, 1, 3, 18
[
[ 3 3 0 1 2 ]
[ 5 3 3 0 1 ]
[ 5 5 3 4 0 ]
[ 4 5 5 3 3 ]
], 0, 0, 1, 4, 21
[
[ 3 3 0 1 2 ]
[ 5 3 3 0 1 ]
[ 5 5 3 4 0 ]
[ 4 5 5 3 3 ]
], 0, 0, 2, 1, 24
[
[ 3 3 0 1 2 ]
[ 5 3 3 0 1 ]
[ 5 5 3 4 0 ]
[ 4 5 5 3 3 ]
], 0, 0, 2, 2, 30
[
[ 3 3 0 1 2 ]
[ 5 3 3 0 1 ]
[ 5 5 3 4 0 ]
[ 4 5 5 3 3 ]
], 0, 0, 2, 3, 35
[
[ 3 3 0 1 2 ]
[ 5 3 3 0 1 ]
[ 5 5 3 4 0 ]
[ 4 5 5 3 3 ]
], 0, 0, 2, 4, 38
[
[ 3 3 0 1 2 ]
[ 5 3 3 0 1 ]
[ 5 5 3 4 0 ]
[ 4 5 5 3 3 ]
], 0, 0, 3, 1, 33
[
[ 3 3 0 1 2 ]
[ 5 3 3 0 1 ]
[ 5 5 3 4 0 ]
[ 4 5 5 3 3 ]
], 0, 0, 3, 2, 44
[
[ 3 3 0 1 2 ]
[ 5 3 3 0 1 ]
[ 5 5 3 4 0 ]
[ 4 5 5 3 3 ]
], 0, 0, 3, 3, 52
[
[ 3 3 0 1 2 ]
[ 5 3 3 0 1 ]
[ 5 5 3 4 0 ]
[ 4 5 5 3 3 ]
], 0, 0, 3, 4, 58
[
[ 3 3 0 1 2 ]
[ 5 3 3 0 1 ]
[ 5 5 3 4 0 ]
[ 4 5 5 3 3 ]
], 0, 1, 1, 2, 9
[
[ 3 3 0 1 2 ]
[ 5 3 3 0 1 ]
[ 5 5 3 4 0 ]
[ 4 5 5 3 3 ]
], 0, 1, 1, 3, 10
[
[ 3 3 0 1 2 ]
[ 5 3 3 0 1 ]
[ 5 5 3 4 0 ]
[ 4 5 5 3 3 ]
], 0, 1, 1, 4, 13
[
[ 3 3 0 1 2 ]
[ 5 3 3 0 1 ]
[ 5 5 3 4 0 ]
[ 4 5 5 3 3 ]
], 0, 1, 2, 2, 17
[
[ 3 3 0 1 2 ]
[ 5 3 3 0 1 ]
[ 5 5 3 4 0 ]
[ 4 5 5 3 3 ]
], 0, 1, 2, 3, 22
[
[ 3 3 0 1 2 ]
[ 5 3 3 0 1 ]
[ 5 5 3 4 0 ]
[ 4 5 5 3 3 ]
], 0, 1, 2, 4, 25
[
[ 3 3 0 1 2 ]
[ 5 3 3 0 1 ]
[ 5 5 3 4 0 ]
[ 4 5 5 3 3 ]
], 0, 1, 3, 2, 27
[
[ 3 3 0 1 2 ]
[ 5 3 3 0 1 ]
[ 5 5 3 4 0 ]
[ 4 5 5 3 3 ]
], 0, 1, 3, 3, 35
[
[ 3 3 0 1 2 ]
[ 5 3 3 0 1 ]
[ 5 5 3 4 0 ]
[ 4 5 5 3 3 ]
], 0, 1, 3, 4, 41
[
[ 3 3 0 1 2 ]
[ 5 3 3 0 1 ]
[ 5 5 3 4 0 ]
[ 4 5 5 3 3 ]
], 0, 2, 1, 3, 4
[
[ 3 3 0 1 2 ]
[ 5 3 3 0 1 ]
[ 5 5 3 4 0 ]
[ 4 5 5 3 3 ]
], 0, 2, 1, 4, 7
[
[ 3 3 0 1 2 ]
[ 5 3 3 0 1 ]
[ 5 5 3 4 0 ]
[ 4 5 5 3 3 ]
], 0, 2, 2, 3, 11
[
[ 3 3 0 1 2 ]
[ 5 3 3 0 1 ]
[ 5 5 3 4 0 ]
[ 4 5 5 3 3 ]
], 0, 2, 2, 4, 14
[
[ 3 3 0 1 2 ]
[ 5 3 3 0 1 ]
[ 5 5 3 4 0 ]
[ 4 5 5 3 3 ]
], 0, 2, 3, 3, 19
[
[ 3 3 0 1 2 ]
[ 5 3 3 0 1 ]
[ 5 5 3 4 0 ]
[ 4 5 5 3 3 ]
], 0, 2, 3, 4, 25
[
[ 3 3 0 1 2 ]
[ 5 3 3 0 1 ]
[ 5 5 3 4 0 ]
[ 4 5 5 3 3 ]
], 0, 3, 1, 4, 4
[
[ 3 3 0 1 2 ]
[ 5 3 3 0 1 ]
[ 5 5 3 4 0 ]
[ 4 5 5 3 3 ]
], 0, 3, 2, 4, 8
[
[ 3 3 0 1 2 ]
[ 5 3 3 0 1 ]
[ 5 5 3 4 0 ]
[ 4 5 5 3 3 ]
], 0, 3, 3, 4, 14
[
[ 3 3 0 1 2 ]
[ 5 3 3 0 1 ]
[ 5 5 3 4 0 ]
[ 4 5 5 3 3 ]
], 1, 0, 2, 1, 18
[
[ 3 3 0 1 2 ]
[ 5 3 3 0 1 ]
[ 5 5 3 4 0 ]
[ 4 5 5 3 3 ]
], 1, 0, 2, 2, 24
[
[ 3 3 0 1 2 ]
[ 5 3 3 0 1 ]
[ 5 5 3 4 0 ]
[ 4 5 5 3 3 ]
], 1, 0, 2, 3, 28
[
[ 3 3 0 1 2 ]
[ 5 3 3 0 1 ]
[ 5 5 3 4 0 ]
[ 4 5 5 3 3 ]
], 1, 0, 2, 4, 29
[
[ 3 3 0 1 2 ]
[ 5 3 3 0 1 ]
[ 5 5 3 4 0 ]
[ 4 5 5 3 3 ]
], 1, 0, 3, 1, 27
[
[ 3 3 0 1 2 ]
[ 5 3 3 0 1 ]
[ 5 5 3 4 0 ]
[ 4 5 5 3 3 ]
], 1, 0, 3, 2, 38
[
[ 3 3 0 1 2 ]
[ 5 3 3 0 1 ]
[ 5 5 3 4 0 ]
[ 4 5 5 3 3 ]
], 1, 0, 3, 3, 45
[
[ 3 3 0 1 2 ]
[ 5 3 3 0 1 ]
[ 5 5 3 4 0 ]
[ 4 5 5 3 3 ]
], 1, 0, 3, 4, 49
[
[ 3 3 0 1 2 ]
[ 5 3 3 0 1 ]
[ 5 5 3 4 0 ]
[ 4 5 5 3 3 ]
], 1, 1, 2, 2, 14
[
[ 3 3 0 1 2 ]
[ 5 3 3 0 1 ]
[ 5 5 3 4 0 ]
[ 4 5 5 3 3 ]
], 1, 1, 2, 3, 18
[
[ 3 3 0 1 2 ]
[ 5 3 3 0 1 ]
[ 5 5 3 4 0 ]
[ 4 5 5 3 3 ]
], 1, 1, 2, 4, 19
[
[ 3 3 0 1 2 ]
[ 5 3 3 0 1 ]
[ 5 5 3 4 0 ]
[ 4 5 5 3 3 ]
], 1, 1, 3, 2, 24
[
[ 3 3 0 1 2 ]
[ 5 3 3 0 1 ]
[ 5 5 3 4 0 ]
[ 4 5 5 3 3 ]
], 1, 1, 3, 3, 31
[
[ 3 3 0 1 2 ]
[ 5 3 3 0 1 ]
[ 5 5 3 4 0 ]
[ 4 5 5 3 3 ]
], 1, 1, 3, 4, 35
[
[ 3 3 0 1 2 ]
[ 5 3 3 0 1 ]
[ 5 5 3 4 0 ]
[ 4 5 5 3 3 ]
], 1, 2, 2, 3, 10
[
[ 3 3 0 1 2 ]
[ 5 3 3 0 1 ]
[ 5 5 3 4 0 ]
[ 4 5 5 3 3 ]
], 1, 2, 2, 4, 11
[
[ 3 3 0 1 2 ]
[ 5 3 3 0 1 ]
[ 5 5 3 4 0 ]
[ 4 5 5 3 3 ]
], 1, 2, 3, 3, 18
[
[ 3 3 0 1 2 ]
[ 5 3 3 0 1 ]
[ 5 5 3 4 0 ]
[ 4 5 5 3 3 ]
], 1, 2, 3, 4, 22
[
[ 3 3 0 1 2 ]
[ 5 3 3 0 1 ]
[ 5 5 3 4 0 ]
[ 4 5 5 3 3 ]
], 1, 3, 2, 4, 5
[
[ 3 3 0 1 2 ]
[ 5 3 3 0 1 ]
[ 5 5 3 4 0 ]
[ 4 5 5 3 3 ]
], 1, 3, 3, 4, 11
[
[ 3 3 0 1 2 ]
[ 5 3 3 0 1 ]
[ 5 5 3 4 0 ]
[ 4 5 5 3 3 ]
], 2, 0, 3, 1, 19
[
[ 3 3 0 1 2 ]
[ 5 3 3 0 1 ]
[ 5 5 3 4 0 ]
[ 4 5 5 3 3 ]
], 2, 0, 3, 2, 27
[
[ 3 3 0 1 2 ]
[ 5 3 3 0 1 ]
[ 5 5 3 4 0 ]
[ 4 5 5 3 3 ]
], 2, 0, 3, 3, 34
[
[ 3 3 0 1 2 ]
[ 5 3 3 0 1 ]
[ 5 5 3 4 0 ]
[ 4 5 5 3 3 ]
], 2, 0, 3, 4, 37
[
[ 3 3 0 1 2 ]
[ 5 3 3 0 1 ]
[ 5 5 3 4 0 ]
[ 4 5 5 3 3 ]
], 2, 1, 3, 2, 18
[
[ 3 3 0 1 2 ]
[ 5 3 3 0 1 ]
[ 5 5 3 4 0 ]
[ 4 5 5 3 3 ]
], 2, 1, 3, 3, 25
[
[ 3 3 0 1 2 ]
[ 5 3 3 0 1 ]
[ 5 5 3 4 0 ]
[ 4 5 5 3 3 ]
], 2, 1, 3, 4, 28
[
[ 3 3 0 1 2 ]
[ 5 3 3 0 1 ]
[ 5 5 3 4 0 ]
[ 4 5 5 3 3 ]
], 2, 2, 3, 3, 15
[
[ 3 3 0 1 2 ]
[ 5 3 3 0 1 ]
[ 5 5 3 4 0 ]
[ 4 5 5 3 3 ]
], 2, 2, 3, 4, 18
[
[ 3 3 0 1 2 ]
[ 5 3 3 0 1 ]
[ 5 5 3 4 0 ]
[ 4 5 5 3 3 ]
], 2, 3, 3, 4, 10
[
[ -3 -3 0 -1 -2 ]
[ -5 -3 -3 0 -1 ]
[ -5 -5 -3 -3 0 ]
[ -4 -5 -5 -3 -3 ]
], 0, 0, 1, 1, -14
[
[ -3 -3 0 -1 -2 ]
[ -5 -3 -3 0 -1 ]
[ -5 -5 -3 -3 0 ]
[ -4 -5 -5 -3 -3 ]
], 0, 0, 1, 2, -17
[
[ -3 -3 0 -1 -2 ]
[ -5 -3 -3 0 -1 ]
[ -5 -5 -3 -3 0 ]
[ -4 -5 -5 -3 -3 ]
], 0, 0, 1, 3, -18
[
[ -3 -3 0 -1 -2 ]
[ -5 -3 -3 0 -1 ]
[ -5 -5 -3 -3 0 ]
[ -4 -5 -5 -3 -3 ]
], 0, 0, 1, 4, -21
[
[ -3 -3 0 -1 -2 ]
[ -5 -3 -3 0 -1 ]
[ -5 -5 -3 -3 0 ]
[ -4 -5 -5 -3 -3 ]
], 0, 0, 2, 1, -24
[
[ -3 -3 0 -1 -2 ]
[ -5 -3 -3 0 -1 ]
[ -5 -5 -3 -3 0 ]
[ -4 -5 -5 -3 -3 ]
], 0, 0, 2, 2, -30
[
[ -3 -3 0 -1 -2 ]
[ -5 -3 -3 0 -1 ]
[ -5 -5 -3 -3 0 ]
[ -4 -5 -5 -3 -3 ]
], 0, 0, 2, 3, -34
[
[ -3 -3 0 -1 -2 ]
[ -5 -3 -3 0 -1 ]
[ -5 -5 -3 -3 0 ]
[ -4 -5 -5 -3 -3 ]
], 0, 0, 2, 4, -37
[
[ -3 -3 0 -1 -2 ]
[ -5 -3 -3 0 -1 ]
[ -5 -5 -3 -3 0 ]
[ -4 -5 -5 -3 -3 ]
], 0, 0, 3, 1, -33
[
[ -3 -3 0 -1 -2 ]
[ -5 -3 -3 0 -1 ]
[ -5 -5 -3 -3 0 ]
[ -4 -5 -5 -3 -3 ]
], 0, 0, 3, 2, -44
[
[ -3 -3 0 -1 -2 ]
[ -5 -3 -3 0 -1 ]
[ -5 -5 -3 -3 0 ]
[ -4 -5 -5 -3 -3 ]
], 0, 0, 3, 3, -51
[
[ -3 -3 0 -1 -2 ]
[ -5 -3 -3 0 -1 ]
[ -5 -5 -3 -3 0 ]
[ -4 -5 -5 -3 -3 ]
], 0, 0, 3, 4, -57
[
[ -3 -3 0 -1 -2 ]
[ -5 -3 -3 0 -1 ]
[ -5 -5 -3 -3 0 ]
[ -4 -5 -5 -3 -3 ]
], 0, 1, 1, 2, -9
[
[ -3 -3 0 -1 -2 ]
[ -5 -3 -3 0 -1 ]
[ -5 -5 -3 -3 0 ]
[ -4 -5 -5 -3 -3 ]
], 0, 1, 1, 3, -10
[
[ -3 -3 0 -1 -2 ]
[ -5 -3 -3 0 -1 ]
[ -5 -5 -3 -3 0 ]
[ -4 -5 -5 -3 -3 ]
], 0, 1, 1, 4, -13
[
[ -3 -3 0 -1 -2 ]
[ -5 -3 -3 0 -1 ]
[ -5 -5 -3 -3 0 ]
[ -4 -5 -5 -3 -3 ]
], 0, 1, 2, 2, -17
[
[ -3 -3 0 -1 -2 ]
[ -5 -3 -3 0 -1 ]
[ -5 -5 -3 -3 0 ]
[ -4 -5 -5 -3 -3 ]
], 0, 1, 2, 3, -21
[
[ -3 -3 0 -1 -2 ]
[ -5 -3 -3 0 -1 ]
[ -5 -5 -3 -3 0 ]
[ -4 -5 -5 -3 -3 ]
], 0, 1, 2, 4, -24
[
[ -3 -3 0 -1 -2 ]
[ -5 -3 -3 0 -1 ]
[ -5 -5 -3 -3 0 ]
[ -4 -5 -5 -3 -3 ]
], 0, 1, 3, 2, -27
[
[ -3 -3 0 -1 -2 ]
[ -5 -3 -3 0 -1 ]
[ -5 -5 -3 -3 0 ]
[ -4 -5 -5 -3 -3 ]
], 0, 1, 3, 3, -34
[
[ -3 -3 0 -1 -2 ]
[ -5 -3 -3 0 -1 ]
[ -5 -5 -3 -3 0 ]
[ -4 -5 -5 -3 -3 ]
], 0, 1, 3, 4, -40
[
[ -3 -3 0 -1 -2 ]
[ -5 -3 -3 0 -1 ]
[ -5 -5 -3 -3 0 ]
[ -4 -5 -5 -3 -3 ]
], 0, 2, 1, 3, -4
[
[ -3 -3 0 -1 -2 ]
[ -5 -3 -3 0 -1 ]
[ -5 -5 -3 -3 0 ]
[ -4 -5 -5 -3 -3 ]
], 0, 2, 1, 4, -7
[
[ -3 -3 0 -1 -2 ]
[ -5 -3 -3 0 -1 ]
[ -5 -5 -3 -3 0 ]
[ -4 -5 -5 -3 -3 ]
], 0, 2, 2, 3, -10
[
[ -3 -3 0 -1 -2 ]
[ -5 -3 -3 0 -1 ]
[ -5 -5 -3 -3 0 ]
[ -4 -5 -5 -3 -3 ]
], 0, 2, 2, 4, -13
[
[ -3 -3 0 -1 -2 ]
[ -5 -3 -3 0 -1 ]
[ -5 -5 -3 -3 0 ]
[ -4 -5 -5 -3 -3 ]
], 0, 2, 3, 3, -18
[
[ -3 -3 0 -1 -2 ]
[ -5 -3 -3 0 -1 ]
[ -5 -5 -3 -3 0 ]
[ -4 -5 -5 -3 -3 ]
], 0, 2, 3, 4, -24
[
[ -3 -3 0 -1 -2 ]
[ -5 -3 -3 0 -1 ]
[ -5 -5 -3 -3 0 ]
[ -4 -5 -5 -3 -3 ]
], 0, 3, 1, 4, -4
[
[ -3 -3 0 -1 -2 ]
[ -5 -3 -3 0 -1 ]
[ -5 -5 -3 -3 0 ]
[ -4 -5 -5 -3 -3 ]
], 0, 3, 2, 4, -7
[
[ -3 -3 0 -1 -2 ]
[ -5 -3 -3 0 -1 ]
[ -5 -5 -3 -3 0 ]
[ -4 -5 -5 -3 -3 ]
], 0, 3, 3, 4, -13
[
[ -3 -3 0 -1 -2 ]
[ -5 -3 -3 0 -1 ]
[ -5 -5 -3 -3 0 ]
[ -4 -5 -5 -3 -3 ]
], 1, 0, 2, 1, -18
[
[ -3 -3 0 -1 -2 ]
[ -5 -3 -3 0 -1 ]
[ -5 -5 -3 -3 0 ]
[ -4 -5 -5 -3 -3 ]
], 1, 0, 2, 2, -24
[
[ -3 -3 0 -1 -2 ]
[ -5 -3 -3 0 -1 ]
[ -5 -5 -3 -3 0 ]
[ -4 -5 -5 -3 -3 ]
], 1, 0, 2, 3, -27
[
[ -3 -3 0 -1 -2 ]
[ -5 -3 -3 0 -1 ]
[ -5 -5 -3 -3 0 ]
[ -4 -5 -5 -3 -3 ]
], 1, 0, 2, 4, -28
[
[ -3 -3 0 -1 -2 ]
[ -5 -3 -3 0 -1 ]
[ -5 -5 -3 -3 0 ]
[ -4 -5 -5 -3 -3 ]
], 1, 0, 3, 1, -27
[
[ -3 -3 0 -1 -2 ]
[ -5 -3 -3 0 -1 ]
[ -5 -5 -3 -3 0 ]
[ -4 -5 -5 -3 -3 ]
], 1, 0, 3, 2, -38
[
[ -3 -3 0 -1 -2 ]
[ -5 -3 -3 0 -1 ]
[ -5 -5 -3 -3 0 ]
[ -4 -5 -5 -3 -3 ]
], 1, 0, 3, 3, -44
[
[ -3 -3 0 -1 -2 ]
[ -5 -3 -3 0 -1 ]
[ -5 -5 -3 -3 0 ]
[ -4 -5 -5 -3 -3 ]
], 1, 0, 3, 4, -48
[
[ -3 -3 0 -1 -2 ]
[ -5 -3 -3 0 -1 ]
[ -5 -5 -3 -3 0 ]
[ -4 -5 -5 -3 -3 ]
], 1, 1, 2, 2, -14
[
[ -3 -3 0 -1 -2 ]
[ -5 -3 -3 0 -1 ]
[ -5 -5 -3 -3 0 ]
[ -4 -5 -5 -3 -3 ]
], 1, 1, 2, 3, -17
[
[ -3 -3 0 -1 -2 ]
[ -5 -3 -3 0 -1 ]
[ -5 -5 -3 -3 0 ]
[ -4 -5 -5 -3 -3 ]
], 1, 1, 2, 4, -18
[
[ -3 -3 0 -1 -2 ]
[ -5 -3 -3 0 -1 ]
[ -5 -5 -3 -3 0 ]
[ -4 -5 -5 -3 -3 ]
], 1, 1, 3, 2, -24
[
[ -3 -3 0 -1 -2 ]
[ -5 -3 -3 0 -1 ]
[ -5 -5 -3 -3 0 ]
[ -4 -5 -5 -3 -3 ]
], 1, 1, 3, 3, -30
[
[ -3 -3 0 -1 -2 ]
[ -5 -3 -3 0 -1 ]
[ -5 -5 -3 -3 0 ]
[ -4 -5 -5 -3 -3 ]
], 1, 1, 3, 4, -34
[
[ -3 -3 0 -1 -2 ]
[ -5 -3 -3 0 -1 ]
[ -5 -5 -3 -3 0 ]
[ -4 -5 -5 -3 -3 ]
], 1, 2, 2, 3, -9
[
[ -3 -3 0 -1 -2 ]
[ -5 -3 -3 0 -1 ]
[ -5 -5 -3 -3 0 ]
[ -4 -5 -5 -3 -3 ]
], 1, 2, 2, 4, -10
[
[ -3 -3 0 -1 -2 ]
[ -5 -3 -3 0 -1 ]
[ -5 -5 -3 -3 0 ]
[ -4 -5 -5 -3 -3 ]
], 1, 2, 3, 3, -17
[
[ -3 -3 0 -1 -2 ]
[ -5 -3 -3 0 -1 ]
[ -5 -5 -3 -3 0 ]
[ -4 -5 -5 -3 -3 ]
], 1, 2, 3, 4, -21
[
[ -3 -3 0 -1 -2 ]
[ -5 -3 -3 0 -1 ]
[ -5 -5 -3 -3 0 ]
[ -4 -5 -5 -3 -3 ]
], 1, 3, 2, 4, -4
[
[ -3 -3 0 -1 -2 ]
[ -5 -3 -3 0 -1 ]
[ -5 -5 -3 -3 0 ]
[ -4 -5 -5 -3 -3 ]
], 1, 3, 3, 4, -10
[
[ -3 -3 0 -1 -2 ]
[ -5 -3 -3 0 -1 ]
[ -5 -5 -3 -3 0 ]
[ -4 -5 -5 -3 -3 ]
], 2, 0, 3, 1, -19
[
[ -3 -3 0 -1 -2 ]
[ -5 -3 -3 0 -1 ]
[ -5 -5 -3 -3 0 ]
[ -4 -5 -5 -3 -3 ]
], 2, 0, 3, 2, -27
[
[ -3 -3 0 -1 -2 ]
[ -5 -3 -3 0 -1 ]
[ -5 -5 -3 -3 0 ]
[ -4 -5 -5 -3 -3 ]
], 2, 0, 3, 3, -33
[
[ -3 -3 0 -1 -2 ]
[ -5 -3 -3 0 -1 ]
[ -5 -5 -3 -3 0 ]
[ -4 -5 -5 -3 -3 ]
], 2, 0, 3, 4, -36
[
[ -3 -3 0 -1 -2 ]
[ -5 -3 -3 0 -1 ]
[ -5 -5 -3 -3 0 ]
[ -4 -5 -5 -3 -3 ]
], 2, 1, 3, 2, -18
[
[ -3 -3 0 -1 -2 ]
[ -5 -3 -3 0 -1 ]
[ -5 -5 -3 -3 0 ]
[ -4 -5 -5 -3 -3 ]
], 2, 1, 3, 3, -24
[
[ -3 -3 0 -1 -2 ]
[ -5 -3 -3 0 -1 ]
[ -5 -5 -3 -3 0 ]
[ -4 -5 -5 -3 -3 ]
], 2, 1, 3, 4, -27
[
[ -3 -3 0 -1 -2 ]
[ -5 -3 -3 0 -1 ]
[ -5 -5 -3 -3 0 ]
[ -4 -5 -5 -3 -3 ]
], 2, 2, 3, 3, -14
[
[ -3 -3 0 -1 -2 ]
[ -5 -3 -3 0 -1 ]
[ -5 -5 -3 -3 0 ]
[ -4 -5 -5 -3 -3 ]
], 2, 2, 3, 4, -17
[
[ -3 -3 0 -1 -2 ]
[ -5 -3 -3 0 -1 ]
[ -5 -5 -3 -3 0 ]
[ -4 -5 -5 -3 -3 ]
], 2, 3, 3, 4, -9
[
[ -3 -3 0 -1 -1 ]
[ -5 -3 -3 0 -1 ]
[ -5 -5 -3 -3 0 ]
[ -4 -5 -5 -3 -3 ]
], 0, 0, 1, 1, -14
[
[ -3 -3 0 -1 -1 ]
[ -5 -3 -3 0 -1 ]
[ -5 -5 -3 -3 0 ]
[ -4 -5 -5 -3 -3 ]
], 0, 0, 1, 2, -17
[
[ -3 -3 0 -1 -1 ]
[ -5 -3 -3 0 -1 ]
[ -5 -5 -3 -3 0 ]
[ -4 -5 -5 -3 -3 ]
], 0, 0, 1, 3, -18
[
[ -3 -3 0 -1 -1 ]
[ -5 -3 -3 0 -1 ]
[ -5 -5 -3 -3 0 ]
[ -4 -5 -5 -3 -3 ]
], 0, 0, 1, 4, -20
[
[ -3 -3 0 -1 -1 ]
[ -5 -3 -3 0 -1 ]
[ -5 -5 -3 -3 0 ]
[ -4 -5 -5 -3 -3 ]
], 0, 0, 2, 1, -24
[
[ -3 -3 0 -1 -1 ]
[ -5 -3 -3 0 -1 ]
[ -5 -5 -3 -3 0 ]
[ -4 -5 -5 -3 -3 ]
], 0, 0, 2, 2, -30
[
[ -3 -3 0 -1 -1 ]
[ -5 -3 -3 0 -1 ]
[ -5 -5 -3 -3 0 ]
[ -4 -5 -5 -3 -3 ]
], 0, 0, 2, 3, -34
[
[ -3 -3 0 -1 -1 ]
[ -5 -3 -3 0 -1 ]
[ -5 -5 -3 -3 0 ]
[ -4 -5 -5 -3 -3 ]
], 0, 0, 2, 4, -36
[
[ -3 -3 0 -1 -1 ]
[ -5 -3 -3 0 -1 ]
[ -5 -5 -3 -3 0 ]
[ -4 -5 -5 -3 -3 ]
], 0, 0, 3, 1, -33
[
[ -3 -3 0 -1 -1 ]
[ -5 -3 -3 0 -1 ]
[ -5 -5 -3 -3 0 ]
[ -4 -5 -5 -3 -3 ]
], 0, 0, 3, 2, -44
[
[ -3 -3 0 -1 -1 ]
[ -5 -3 -3 0 -1 ]
[ -5 -5 -3 -3 0 ]
[ -4 -5 -5 -3 -3 ]
], 0, 0, 3, 3, -51
[
[ -3 -3 0 -1 -1 ]
[ -5 -3 -3 0 -1 ]
[ -5 -5 -3 -3 0 ]
[ -4 -5 -5 -3 -3 ]
], 0, 0, 3, 4, -56
[
[ -3 -3 0 -1 -1 ]
[ -5 -3 -3 0 -1 ]
[ -5 -5 -3 -3 0 ]
[ -4 -5 -5 -3 -3 ]
], 0, 1, 1, 2, -9
[
[ -3 -3 0 -1 -1 ]
[ -5 -3 -3 0 -1 ]
[ -5 -5 -3 -3 0 ]
[ -4 -5 -5 -3 -3 ]
], 0, 1, 1, 3, -10
[
[ -3 -3 0 -1 -1 ]
[ -5 -3 -3 0 -1 ]
[ -5 -5 -3 -3 0 ]
[ -4 -5 -5 -3 -3 ]
], 0, 1, 1, 4, -12
[
[ -3 -3 0 -1 -1 ]
[ -5 -3 -3 0 -1 ]
[ -5 -5 -3 -3 0 ]
[ -4 -5 -5 -3 -3 ]
], 0, 1, 2, 2, -17
[
[ -3 -3 0 -1 -1 ]
[ -5 -3 -3 0 -1 ]
[ -5 -5 -3 -3 0 ]
[ -4 -5 -5 -3 -3 ]
], 0, 1, 2, 3, -21
[
[ -3 -3 0 -1 -1 ]
[ -5 -3 -3 0 -1 ]
[ -5 -5 -3 -3 0 ]
[ -4 -5 -5 -3 -3 ]
], 0, 1, 2, 4, -23
[
[ -3 -3 0 -1 -1 ]
[ -5 -3 -3 0 -1 ]
[ -5 -5 -3 -3 0 ]
[ -4 -5 -5 -3 -3 ]
], 0, 1, 3, 2, -27
[
[ -3 -3 0 -1 -1 ]
[ -5 -3 -3 0 -1 ]
[ -5 -5 -3 -3 0 ]
[ -4 -5 -5 -3 -3 ]
], 0, 1, 3, 3, -34
[
[ -3 -3 0 -1 -1 ]
[ -5 -3 -3 0 -1 ]
[ -5 -5 -3 -3 0 ]
[ -4 -5 -5 -3 -3 ]
], 0, 1, 3, 4, -39
[
[ -3 -3 0 -1 -1 ]
[ -5 -3 -3 0 -1 ]
[ -5 -5 -3 -3 0 ]
[ -4 -5 -5 -3 -3 ]
], 0, 2, 1, 3, -4
[
[ -3 -3 0 -1 -1 ]
[ -5 -3 -3 0 -1 ]
[ -5 -5 -3 -3 0 ]
[ -4 -5 -5 -3 -3 ]
], 0, 2, 1, 4, -6
[
[ -3 -3 0 -1 -1 ]
[ -5 -3 -3 0 -1 ]
[ -5 -5 -3 -3 0 ]
[ -4 -5 -5 -3 -3 ]
], 0, 2, 2, 3, -10
[
[ -3 -3 0 -1 -1 ]
[ -5 -3 -3 0 -1 ]
[ -5 -5 -3 -3 0 ]
[ -4 -5 -5 -3 -3 ]
], 0, 2, 2, 4, -12
[
[ -3 -3 0 -1 -1 ]
[ -5 -3 -3 0 -1 ]
[ -5 -5 -3 -3 0 ]
[ -4 -5 -5 -3 -3 ]
], 0, 2, 3, 3, -18
[
[ -3 -3 0 -1 -1 ]
[ -5 -3 -3 0 -1 ]
[ -5 -5 -3 -3 0 ]
[ -4 -5 -5 -3 -3 ]
], 0, 2, 3, 4, -23
[
[ -3 -3 0 -1 -1 ]
[ -5 -3 -3 0 -1 ]
[ -5 -5 -3 -3 0 ]
[ -4 -5 -5 -3 -3 ]
], 0, 3, 1, 4, -3
[
[ -3 -3 0 -1 -1 ]
[ -5 -3 -3 0 -1 ]
[ -5 -5 -3 -3 0 ]
[ -4 -5 -5 -3 -3 ]
], 0, 3, 2, 4, -6
[
[ -3 -3 0 -1 -1 ]
[ -5 -3 -3 0 -1 ]
[ -5 -5 -3 -3 0 ]
[ -4 -5 -5 -3 -3 ]
], 0, 3, 3, 4, -12
[
[ -3 -3 0 -1 -1 ]
[ -5 -3 -3 0 -1 ]
[ -5 -5 -3 -3 0 ]
[ -4 -5 -5 -3 -3 ]
], 1, 0, 2, 1, -18
[
[ -3 -3 0 -1 -1 ]
[ -5 -3 -3 0 -1 ]
[ -5 -5 -3 -3 0 ]
[ -4 -5 -5 -3 -3 ]
], 1, 0, 2, 2, -24
[
[ -3 -3 0 -1 -1 ]
[ -5 -3 -3 0 -1 ]
[ -5 -5 -3 -3 0 ]
[ -4 -5 -5 -3 -3 ]
], 1, 0, 2, 3, -27
[
[ -3 -3 0 -1 -1 ]
[ -5 -3 -3 0 -1 ]
[ -5 -5 -3 -3 0 ]
[ -4 -5 -5 -3 -3 ]
], 1, 0, 2, 4, -28
[
[ -3 -3 0 -1 -1 ]
[ -5 -3 -3 0 -1 ]
[ -5 -5 -3 -3 0 ]
[ -4 -5 -5 -3 -3 ]
], 1, 0, 3, 1, -27
[
[ -3 -3 0 -1 -1 ]
[ -5 -3 -3 0 -1 ]
[ -5 -5 -3 -3 0 ]
[ -4 -5 -5 -3 -3 ]
], 1, 0, 3, 2, -38
[
[ -3 -3 0 -1 -1 ]
[ -5 -3 -3 0 -1 ]
[ -5 -5 -3 -3 0 ]
[ -4 -5 -5 -3 -3 ]
], 1, 0, 3, 3, -44
[
[ -3 -3 0 -1 -1 ]
[ -5 -3 -3 0 -1 ]
[ -5 -5 -3 -3 0 ]
[ -4 -5 -5 -3 -3 ]
], 1, 0, 3, 4, -48
[
[ -3 -3 0 -1 -1 ]
[ -5 -3 -3 0 -1 ]
[ -5 -5 -3 -3 0 ]
[ -4 -5 -5 -3 -3 ]
], 1, 1, 2, 2, -14
[
[ -3 -3 0 -1 -1 ]
[ -5 -3 -3 0 -1 ]
[ -5 -5 -3 -3 0 ]
[ -4 -5 -5 -3 -3 ]
], 1, 1, 2, 3, -17
[
[ -3 -3 0 -1 -1 ]
[ -5 -3 -3 0 -1 ]
[ -5 -5 -3 -3 0 ]
[ -4 -5 -5 -3 -3 ]
], 1, 1, 2, 4, -18
[
[ -3 -3 0 -1 -1 ]
[ -5 -3 -3 0 -1 ]
[ -5 -5 -3 -3 0 ]
[ -4 -5 -5 -3 -3 ]
], 1, 1, 3, 2, -24
[
[ -3 -3 0 -1 -1 ]
[ -5 -3 -3 0 -1 ]
[ -5 -5 -3 -3 0 ]
[ -4 -5 -5 -3 -3 ]
], 1, 1, 3, 3, -30
[
[ -3 -3 0 -1 -1 ]
[ -5 -3 -3 0 -1 ]
[ -5 -5 -3 -3 0 ]
[ -4 -5 -5 -3 -3 ]
], 1, 1, 3, 4, -34
[
[ -3 -3 0 -1 -1 ]
[ -5 -3 -3 0 -1 ]
[ -5 -5 -3 -3 0 ]
[ -4 -5 -5 -3 -3 ]
], 1, 2, 2, 3, -9
[
[ -3 -3 0 -1 -1 ]
[ -5 -3 -3 0 -1 ]
[ -5 -5 -3 -3 0 ]
[ -4 -5 -5 -3 -3 ]
], 1, 2, 2, 4, -10
[
[ -3 -3 0 -1 -1 ]
[ -5 -3 -3 0 -1 ]
[ -5 -5 -3 -3 0 ]
[ -4 -5 -5 -3 -3 ]
], 1, 2, 3, 3, -17
[
[ -3 -3 0 -1 -1 ]
[ -5 -3 -3 0 -1 ]
[ -5 -5 -3 -3 0 ]
[ -4 -5 -5 -3 -3 ]
], 1, 2, 3, 4, -21
[
[ -3 -3 0 -1 -1 ]
[ -5 -3 -3 0 -1 ]
[ -5 -5 -3 -3 0 ]
[ -4 -5 -5 -3 -3 ]
], 1, 3, 2, 4, -4
[
[ -3 -3 0 -1 -1 ]
[ -5 -3 -3 0 -1 ]
[ -5 -5 -3 -3 0 ]
[ -4 -5 -5 -3 -3 ]
], 1, 3, 3, 4, -10
[
[ -3 -3 0 -1 -1 ]
[ -5 -3 -3 0 -1 ]
[ -5 -5 -3 -3 0 ]
[ -4 -5 -5 -3 -3 ]
], 2, 0, 3, 1, -19
[
[ -3 -3 0 -1 -1 ]
[ -5 -3 -3 0 -1 ]
[ -5 -5 -3 -3 0 ]
[ -4 -5 -5 -3 -3 ]
], 2, 0, 3, 2, -27
[
[ -3 -3 0 -1 -1 ]
[ -5 -3 -3 0 -1 ]
[ -5 -5 -3 -3 0 ]
[ -4 -5 -5 -3 -3 ]
], 2, 0, 3, 3, -33
[
[ -3 -3 0 -1 -1 ]
[ -5 -3 -3 0 -1 ]
[ -5 -5 -3 -3 0 ]
[ -4 -5 -5 -3 -3 ]
], 2, 0, 3, 4, -36
[
[ -3 -3 0 -1 -1 ]
[ -5 -3 -3 0 -1 ]
[ -5 -5 -3 -3 0 ]
[ -4 -5 -5 -3 -3 ]
], 2, 1, 3, 2, -18
[
[ -3 -3 0 -1 -1 ]
[ -5 -3 -3 0 -1 ]
[ -5 -5 -3 -3 0 ]
[ -4 -5 -5 -3 -3 ]
], 2, 1, 3, 3, -24
[
[ -3 -3 0 -1 -1 ]
[ -5 -3 -3 0 -1 ]
[ -5 -5 -3 -3 0 ]
[ -4 -5 -5 -3 -3 ]
], 2, 1, 3, 4, -27
[
[ -3 -3 0 -1 -1 ]
[ -5 -3 -3 0 -1 ]
[ -5 -5 -3 -3 0 ]
[ -4 -5 -5 -3 -3 ]
], 2, 2, 3, 3, -14
[
[ -3 -3 0 -1 -1 ]
[ -5 -3 -3 0 -1 ]
[ -5 -5 -3 -3 0 ]
[ -4 -5 -5 -3 -3 ]
], 2, 2, 3, 4, -17
[
[ -3 -3 0 -1 -1 ]
[ -5 -3 -3 0 -1 ]
[ -5 -5 -3 -3 0 ]
[ -4 -5 -5 -3 -3 ]
], 2, 3, 3, 4, -9
[
[ 1 3 5 ]
[ 2 4 5 ]
[ 3 5 2 ]
[ 3 2 1 ]
], 0, 0, 1, 1, 10
[
[ 1 3 5 ]
[ 2 4 5 ]
[ 3 5 2 ]
[ 3 2 1 ]
], 0, 0, 1, 2, 20
[
[ 1 3 5 ]
[ 2 4 5 ]
[ 3 5 2 ]
[ 3 2 1 ]
], 0, 0, 2, 1, 18
[
[ 1 3 5 ]
[ 2 4 5 ]
[ 3 5 2 ]
[ 3 2 1 ]
], 0, 0, 2, 2, 30
[
[ 1 3 5 ]
[ 2 4 5 ]
[ 3 5 2 ]
[ 3 2 1 ]
], 0, 0, 3, 1, 23
[
[ 1 3 5 ]
[ 2 4 5 ]
[ 3 5 2 ]
[ 3 2 1 ]
], 0, 0, 3, 2, 36
[
[ 1 3 5 ]
[ 2 4 5 ]
[ 3 5 2 ]
[ 3 2 1 ]
], 0, 1, 1, 2, 17
[
[ 1 3 5 ]
[ 2 4 5 ]
[ 3 5 2 ]
[ 3 2 1 ]
], 0, 1, 2, 2, 24
[
[ 1 3 5 ]
[ 2 4 5 ]
[ 3 5 2 ]
[ 3 2 1 ]
], 0, 1, 3, 2, 27
[
[ 1 3 5 ]
[ 2 4 5 ]
[ 3 5 2 ]
[ 3 2 1 ]
], 1, 0, 2, 1, 14
[
[ 1 3 5 ]
[ 2 4 5 ]
[ 3 5 2 ]
[ 3 2 1 ]
], 1, 0, 2, 2, 21
[
[ 1 3 5 ]
[ 2 4 5 ]
[ 3 5 2 ]
[ 3 2 1 ]
], 1, 0, 3, 1, 19
[
[ 1 3 5 ]
[ 2 4 5 ]
[ 3 5 2 ]
[ 3 2 1 ]
], 1, 0, 3, 2, 27
[
[ 1 3 5 ]
[ 2 4 5 ]
[ 3 5 2 ]
[ 3 2 1 ]
], 1, 1, 2, 2, 16
[
[ 1 3 5 ]
[ 2 4 5 ]
[ 3 5 2 ]
[ 3 2 1 ]
], 1, 1, 3, 2, 19
[
[ 1 3 5 ]
[ 2 4 5 ]
[ 3 5 2 ]
[ 3 2 1 ]
], 2, 0, 3, 1, 13
[
[ 1 3 5 ]
[ 2 4 5 ]
[ 3 5 2 ]
[ 3 2 1 ]
], 2, 0, 3, 2, 16
[
[ 1 3 5 ]
[ 2 4 5 ]
[ 3 5 2 ]
[ 3 2 1 ]
], 2, 1, 3, 2, 10
[
[ 3 3 1 3 5 ]
[ 3 2 2 4 5 ]
[ 1 1 3 5 2 ]
[ 3 4 3 2 1 ]
], 0, 0, 1, 1, 11
[
[ 3 3 1 3 5 ]
[ 3 2 2 4 5 ]
[ 1 1 3 5 2 ]
[ 3 4 3 2 1 ]
], 0, 0, 1, 2, 14
[
[ 3 3 1 3 5 ]
[ 3 2 2 4 5 ]
[ 1 1 3 5 2 ]
[ 3 4 3 2 1 ]
], 0, 0, 1, 3, 21
[
[ 3 3 1 3 5 ]
[ 3 2 2 4 5 ]
[ 1 1 3 5 2 ]
[ 3 4 3 2 1 ]
], 0, 0, 1, 4, 31
[
[ 3 3 1 3 5 ]
[ 3 2 2 4 5 ]
[ 1 1 3 5 2 ]
[ 3 4 3 2 1 ]
], 0, 0, 2, 1, 13
[
[ 3 3 1 3 5 ]
[ 3 2 2 4 5 ]
[ 1 1 3 5 2 ]
[ 3 4 3 2 1 ]
], 0, 0, 2, 2, 19
[
[ 3 3 1 3 5 ]
[ 3 2 2 4 5 ]
[ 1 1 3 5 2 ]
[ 3 4 3 2 1 ]
], 0, 0, 2, 3, 31
[
[ 3 3 1 3 5 ]
[ 3 2 2 4 5 ]
[ 1 1 3 5 2 ]
[ 3 4 3 2 1 ]
], 0, 0, 2, 4, 43
[
[ 3 3 1 3 5 ]
[ 3 2 2 4 5 ]
[ 1 1 3 5 2 ]
[ 3 4 3 2 1 ]
], 0, 0, 3, 1, 20
[
[ 3 3 1 3 5 ]
[ 3 2 2 4 5 ]
[ 1 1 3 5 2 ]
[ 3 4 3 2 1 ]
], 0, 0, 3, 2, 29
[
[ 3 3 1 3 5 ]
[ 3 2 2 4 5 ]
[ 1 1 3 5 2 ]
[ 3 4 3 2 1 ]
], 0, 0, 3, 3, 43
[
[ 3 3 1 3 5 ]
[ 3 2 2 4 5 ]
[ 1 1 3 5 2 ]
[ 3 4 3 2 1 ]
], 0, 0, 3, 4, 56
[
[ 3 3 1 3 5 ]
[ 3 2 2 4 5 ]
[ 1 1 3 5 2 ]
[ 3 4 3 2 1 ]
], 0, 1, 1, 2, 8
[
[ 3 3 1 3 5 ]
[ 3 2 2 4 5 ]
[ 1 1 3 5 2 ]
[ 3 4 3 2 1 ]
], 0, 1, 1, 3, 15
[
[ 3 3 1 3 5 ]
[ 3 2 2 4 5 ]
[ 1 1 3 5 2 ]
[ 3 4 3 2 1 ]
], 0, 1, 1, 4, 25
[
[ 3 3 1 3 5 ]
[ 3 2 2 4 5 ]
[ 1 1 3 5 2 ]
[ 3 4 3 2 1 ]
], 0, 1, 2, 2, 12
[
[ 3 3 1 3 5 ]
[ 3 2 2 4 5 ]
[ 1 1 3 5 2 ]
[ 3 4 3 2 1 ]
], 0, 1, 2, 3, 24
[
[ 3 3 1 3 5 ]
[ 3 2 2 4 5 ]
[ 1 1 3 5 2 ]
[ 3 4 3 2 1 ]
], 0, 1, 2, 4, 36
[
[ 3 3 1 3 5 ]
[ 3 2 2 4 5 ]
[ 1 1 3 5 2 ]
[ 3 4 3 2 1 ]
], 0, 1, 3, 2, 19
[
[ 3 3 1 3 5 ]
[ 3 2 2 4 5 ]
[ 1 1 3 5 2 ]
[ 3 4 3 2 1 ]
], 0, 1, 3, 3, 33
[
[ 3 3 1 3 5 ]
[ 3 2 2 4 5 ]
[ 1 1 3 5 2 ]
[ 3 4 3 2 1 ]
], 0, 1, 3, 4, 46
[
[ 3 3 1 3 5 ]
[ 3 2 2 4 5 ]
[ 1 1 3 5 2 ]
[ 3 4 3 2 1 ]
], 0, 2, 1, 3, 10
[
[ 3 3 1 3 5 ]
[ 3 2 2 4 5 ]
[ 1 1 3 5 2 ]
[ 3 4 3 2 1 ]
], 0, 2, 1, 4, 20
[
[ 3 3 1 3 5 ]
[ 3 2 2 4 5 ]
[ 1 1 3 5 2 ]
[ 3 4 3 2 1 ]
], 0, 2, 2, 3, 18
[
[ 3 3 1 3 5 ]
[ 3 2 2 4 5 ]
[ 1 1 3 5 2 ]
[ 3 4 3 2 1 ]
], 0, 2, 2, 4, 30
[
[ 3 3 1 3 5 ]
[ 3 2 2 4 5 ]
[ 1 1 3 5 2 ]
[ 3 4 3 2 1 ]
], 0, 2, 3, 3, 23
[
[ 3 3 1 3 5 ]
[ 3 2 2 4 5 ]
[ 1 1 3 5 2 ]
[ 3 4 3 2 1 ]
], 0, 2, 3, 4, 36
[
[ 3 3 1 3 5 ]
[ 3 2 2 4 5 ]
[ 1 1 3 5 2 ]
[ 3 4 3 2 1 ]
], 0, 3, 1, 4, 17
[
[ 3 3 1 3 5 ]
[ 3 2 2 4 5 ]
[ 1 1 3 5 2 ]
[ 3 4 3 2 1 ]
], 0, 3, 2, 4, 24
[
[ 3 3 1 3 5 ]
[ 3 2 2 4 5 ]
[ 1 1 3 5 2 ]
[ 3 4 3 2 1 ]
], 0, 3, 3, 4, 27
[
[ 3 3 1 3 5 ]
[ 3 2 2 4 5 ]
[ 1 1 3 5 2 ]
[ 3 4 3 2 1 ]
], 1, 0, 2, 1, 7
[
[ 3 3 1 3 5 ]
[ 3 2 2 4 5 ]
[ 1 1 3 5 2 ]
[ 3 4 3 2 1 ]
], 1, 0, 2, 2, 12
[
[ 3 3 1 3 5 ]
[ 3 2 2 4 5 ]
[ 1 1 3 5 2 ]
[ 3 4 3 2 1 ]
], 1, 0, 2, 3, 21
[
[ 3 3 1 3 5 ]
[ 3 2 2 4 5 ]
[ 1 1 3 5 2 ]
[ 3 4 3 2 1 ]
], 1, 0, 2, 4, 28
[
[ 3 3 1 3 5 ]
[ 3 2 2 4 5 ]
[ 1 1 3 5 2 ]
[ 3 4 3 2 1 ]
], 1, 0, 3, 1, 14
[
[ 3 3 1 3 5 ]
[ 3 2 2 4 5 ]
[ 1 1 3 5 2 ]
[ 3 4 3 2 1 ]
], 1, 0, 3, 2, 22
[
[ 3 3 1 3 5 ]
[ 3 2 2 4 5 ]
[ 1 1 3 5 2 ]
[ 3 4 3 2 1 ]
], 1, 0, 3, 3, 33
[
[ 3 3 1 3 5 ]
[ 3 2 2 4 5 ]
[ 1 1 3 5 2 ]
[ 3 4 3 2 1 ]
], 1, 0, 3, 4, 41
[
[ 3 3 1 3 5 ]
[ 3 2 2 4 5 ]
[ 1 1 3 5 2 ]
[ 3 4 3 2 1 ]
], 1, 1, 2, 2, 8
[
[ 3 3 1 3 5 ]
[ 3 2 2 4 5 ]
[ 1 1 3 5 2 ]
[ 3 4 3 2 1 ]
], 1, 1, 2, 3, 17
[
[ 3 3 1 3 5 ]
[ 3 2 2 4 5 ]
[ 1 1 3 5 2 ]
[ 3 4 3 2 1 ]
], 1, 1, 2, 4, 24
[
[ 3 3 1 3 5 ]
[ 3 2 2 4 5 ]
[ 1 1 3 5 2 ]
[ 3 4 3 2 1 ]
], 1, 1, 3, 2, 15
[
[ 3 3 1 3 5 ]
[ 3 2 2 4 5 ]
[ 1 1 3 5 2 ]
[ 3 4 3 2 1 ]
], 1, 1, 3, 3, 26
[
[ 3 3 1 3 5 ]
[ 3 2 2 4 5 ]
[ 1 1 3 5 2 ]
[ 3 4 3 2 1 ]
], 1, 1, 3, 4, 34
[
[ 3 3 1 3 5 ]
[ 3 2 2 4 5 ]
[ 1 1 3 5 2 ]
[ 3 4 3 2 1 ]
], 1, 2, 2, 3, 14
[
[ 3 3 1 3 5 ]
[ 3 2 2 4 5 ]
[ 1 1 3 5 2 ]
[ 3 4 3 2 1 ]
], 1, 2, 2, 4, 21
[
[ 3 3 1 3 5 ]
[ 3 2 2 4 5 ]
[ 1 1 3 5 2 ]
[ 3 4 3 2 1 ]
], 1, 2, 3, 3, 19
[
[ 3 3 1 3 5 ]
[ 3 2 2 4 5 ]
[ 1 1 3 5 2 ]
[ 3 4 3 2 1 ]
], 1, 2, 3, 4, 27
[
[ 3 3 1 3 5 ]
[ 3 2 2 4 5 ]
[ 1 1 3 5 2 ]
[ 3 4 3 2 1 ]
], 1, 3, 2, 4, 16
[
[ 3 3 1 3 5 ]
[ 3 2 2 4 5 ]
[ 1 1 3 5 2 ]
[ 3 4 3 2 1 ]
], 1, 3, 3, 4, 19
[
[ 3 3 1 3 5 ]
[ 3 2 2 4 5 ]
[ 1 1 3 5 2 ]
[ 3 4 3 2 1 ]
], 2, 0, 3, 1, 9
[
[ 3 3 1 3 5 ]
[ 3 2 2 4 5 ]
[ 1 1 3 5 2 ]
[ 3 4 3 2 1 ]
], 2, 0, 3, 2, 15
[
[ 3 3 1 3 5 ]
[ 3 2 2 4 5 ]
[ 1 1 3 5 2 ]
[ 3 4 3 2 1 ]
], 2, 0, 3, 3, 22
[
[ 3 3 1 3 5 ]
[ 3 2 2 4 5 ]
[ 1 1 3 5 2 ]
[ 3 4 3 2 1 ]
], 2, 0, 3, 4, 25
[
[ 3 3 1 3 5 ]
[ 3 2 2 4 5 ]
[ 1 1 3 5 2 ]
[ 3 4 3 2 1 ]
], 2, 1, 3, 2, 11
[
[ 3 3 1 3 5 ]
[ 3 2 2 4 5 ]
[ 1 1 3 5 2 ]
[ 3 4 3 2 1 ]
], 2, 1, 3, 3, 18
[
[ 3 3 1 3 5 ]
[ 3 2 2 4 5 ]
[ 1 1 3 5 2 ]
[ 3 4 3 2 1 ]
], 2, 1, 3, 4, 21
[
[ 3 3 1 3 5 ]
[ 3 2 2 4 5 ]
[ 1 1 3 5 2 ]
[ 3 4 3 2 1 ]
], 2, 2, 3, 3, 13
[
[ 3 3 1 3 5 ]
[ 3 2 2 4 5 ]
[ 1 1 3 5 2 ]
[ 3 4 3 2 1 ]
], 2, 2, 3, 4, 16
[
[ 3 3 1 3 5 ]
[ 3 2 2 4 5 ]
[ 1 1 3 5 2 ]
[ 3 4 3 2 1 ]
], 2, 3, 3, 4, 10
[
[ 3 5 4 ]
[ 5 4 3 ]
[ 5 3 2 ]
[ 4 2 1 ]
], 0, 0, 1, 1, 17
[
[ 3 5 4 ]
[ 5 4 3 ]
[ 5 3 2 ]
[ 4 2 1 ]
], 0, 0, 1, 2, 24
[
[ 3 5 4 ]
[ 5 4 3 ]
[ 5 3 2 ]
[ 4 2 1 ]
], 0, 0, 2, 1, 25
[
[ 3 5 4 ]
[ 5 4 3 ]
[ 5 3 2 ]
[ 4 2 1 ]
], 0, 0, 2, 2, 34
[
[ 3 5 4 ]
[ 5 4 3 ]
[ 5 3 2 ]
[ 4 2 1 ]
], 0, 0, 3, 1, 31
[
[ 3 5 4 ]
[ 5 4 3 ]
[ 5 3 2 ]
[ 4 2 1 ]
], 0, 0, 3, 2, 41
[
[ 3 5 4 ]
[ 5 4 3 ]
[ 5 3 2 ]
[ 4 2 1 ]
], 0, 1, 1, 2, 16
[
[ 3 5 4 ]
[ 5 4 3 ]
[ 5 3 2 ]
[ 4 2 1 ]
], 0, 1, 2, 2, 21
[
[ 3 5 4 ]
[ 5 4 3 ]
[ 5 3 2 ]
[ 4 2 1 ]
], 0, 1, 3, 2, 24
[
[ 3 5 4 ]
[ 5 4 3 ]
[ 5 3 2 ]
[ 4 2 1 ]
], 1, 0, 2, 1, 17
[
[ 3 5 4 ]
[ 5 4 3 ]
[ 5 3 2 ]
[ 4 2 1 ]
], 1, 0, 2, 2, 22
[
[ 3 5 4 ]
[ 5 4 3 ]
[ 5 3 2 ]
[ 4 2 1 ]
], 1, 0, 3, 1, 23
[
[ 3 5 4 ]
[ 5 4 3 ]
[ 5 3 2 ]
[ 4 2 1 ]
], 1, 0, 3, 2, 29
[
[ 3 5 4 ]
[ 5 4 3 ]
[ 5 3 2 ]
[ 4 2 1 ]
], 1, 1, 2, 2, 12
[
[ 3 5 4 ]
[ 5 4 3 ]
[ 5 3 2 ]
[ 4 2 1 ]
], 1, 1, 3, 2, 15
[
[ 3 5 4 ]
[ 5 4 3 ]
[ 5 3 2 ]
[ 4 2 1 ]
], 2, 0, 3, 1, 14
[
[ 3 5 4 ]
[ 5 4 3 ]
[ 5 3 2 ]
[ 4 2 1 ]
], 2, 0, 3, 2, 17
[
[ 3 5 4 ]
[ 5 4 3 ]
[ 5 3 2 ]
[ 4 2 1 ]
], 2, 1, 3, 2, 8
[
[ 3 5 4 ]
[ 5 4 3 ]
[ 5 3 2 ]
[ 1 2 3 ]
], 0, 0, 1, 1, 17
[
[ 3 5 4 ]
[ 5 4 3 ]
[ 5 3 2 ]
[ 1 2 3 ]
], 0, 0, 1, 2, 24
[
[ 3 5 4 ]
[ 5 4 3 ]
[ 5 3 2 ]
[ 1 2 3 ]
], 0, 0, 2, 1, 25
[
[ 3 5 4 ]
[ 5 4 3 ]
[ 5 3 2 ]
[ 1 2 3 ]
], 0, 0, 2, 2, 34
[
[ 3 5 4 ]
[ 5 4 3 ]
[ 5 3 2 ]
[ 1 2 3 ]
], 0, 0, 3, 1, 28
[
[ 3 5 4 ]
[ 5 4 3 ]
[ 5 3 2 ]
[ 1 2 3 ]
], 0, 0, 3, 2, 40
[
[ 3 5 4 ]
[ 5 4 3 ]
[ 5 3 2 ]
[ 1 2 3 ]
], 0, 1, 1, 2, 16
[
[ 3 5 4 ]
[ 5 4 3 ]
[ 5 3 2 ]
[ 1 2 3 ]
], 0, 1, 2, 2, 21
[
[ 3 5 4 ]
[ 5 4 3 ]
[ 5 3 2 ]
[ 1 2 3 ]
], 0, 1, 3, 2, 26
[
[ 3 5 4 ]
[ 5 4 3 ]
[ 5 3 2 ]
[ 1 2 3 ]
], 1, 0, 2, 1, 17
[
[ 3 5 4 ]
[ 5 4 3 ]
[ 5 3 2 ]
[ 1 2 3 ]
], 1, 0, 2, 2, 22
[
[ 3 5 4 ]
[ 5 4 3 ]
[ 5 3 2 ]
[ 1 2 3 ]
], 1, 0, 3, 1, 20
[
[ 3 5 4 ]
[ 5 4 3 ]
[ 5 3 2 ]
[ 1 2 3 ]
], 1, 0, 3, 2, 28
[
[ 3 5 4 ]
[ 5 4 3 ]
[ 5 3 2 ]
[ 1 2 3 ]
], 1, 1, 2, 2, 12
[
[ 3 5 4 ]
[ 5 4 3 ]
[ 5 3 2 ]
[ 1 2 3 ]
], 1, 1, 3, 2, 17
[
[ 3 5 4 ]
[ 5 4 3 ]
[ 5 3 2 ]
[ 1 2 3 ]
], 2, 0, 3, 1, 11
[
[ 3 5 4 ]
[ 5 4 3 ]
[ 5 3 2 ]
[ 1 2 3 ]
], 2, 0, 3, 2, 16
[
[ 3 5 4 ]
[ 5 4 3 ]
[ 5 3 2 ]
[ 1 2 3 ]
], 2, 1, 3, 2, 10
[
[ -7 -6 -4 ]
[ -6 -4 -3 ]
[ -5 -3 -2 ]
[ -4 -2 -1 ]
], 0, 0, 1, 1, -23
[
[ -7 -6 -4 ]
[ -6 -4 -3 ]
[ -5 -3 -2 ]
[ -4 -2 -1 ]
], 0, 0, 1, 2, -30
[
[ -7 -6 -4 ]
[ -6 -4 -3 ]
[ -5 -3 -2 ]
[ -4 -2 -1 ]
], 0, 0, 2, 1, -31
[
[ -7 -6 -4 ]
[ -6 -4 -3 ]
[ -5 -3 -2 ]
[ -4 -2 -1 ]
], 0, 0, 2, 2, -40
[
[ -7 -6 -4 ]
[ -6 -4 -3 ]
[ -5 -3 -2 ]
[ -4 -2 -1 ]
], 0, 0, 3, 1, -37
[
[ -7 -6 -4 ]
[ -6 -4 -3 ]
[ -5 -3 -2 ]
[ -4 -2 -1 ]
], 0, 0, 3, 2, -47
[
[ -7 -6 -4 ]
[ -6 -4 -3 ]
[ -5 -3 -2 ]
[ -4 -2 -1 ]
], 0, 1, 1, 2, -17
[
[ -7 -6 -4 ]
[ -6 -4 -3 ]
[ -5 -3 -2 ]
[ -4 -2 -1 ]
], 0, 1, 2, 2, -22
[
[ -7 -6 -4 ]
[ -6 -4 -3 ]
[ -5 -3 -2 ]
[ -4 -2 -1 ]
], 0, 1, 3, 2, -25
[
[ -7 -6 -4 ]
[ -6 -4 -3 ]
[ -5 -3 -2 ]
[ -4 -2 -1 ]
], 1, 0, 2, 1, -18
[
[ -7 -6 -4 ]
[ -6 -4 -3 ]
[ -5 -3 -2 ]
[ -4 -2 -1 ]
], 1, 0, 2, 2, -23
[
[ -7 -6 -4 ]
[ -6 -4 -3 ]
[ -5 -3 -2 ]
[ -4 -2 -1 ]
], 1, 0, 3, 1, -24
[
[ -7 -6 -4 ]
[ -6 -4 -3 ]
[ -5 -3 -2 ]
[ -4 -2 -1 ]
], 1, 0, 3, 2, -30
[
[ -7 -6 -4 ]
[ -6 -4 -3 ]
[ -5 -3 -2 ]
[ -4 -2 -1 ]
], 1, 1, 2, 2, -12
[
[ -7 -6 -4 ]
[ -6 -4 -3 ]
[ -5 -3 -2 ]
[ -4 -2 -1 ]
], 1, 1, 3, 2, -15
[
[ -7 -6 -4 ]
[ -6 -4 -3 ]
[ -5 -3 -2 ]
[ -4 -2 -1 ]
], 2, 0, 3, 1, -14
[
[ -7 -6 -4 ]
[ -6 -4 -3 ]
[ -5 -3 -2 ]
[ -4 -2 -1 ]
], 2, 0, 3, 2, -17
[
[ -7 -6 -4 ]
[ -6 -4 -3 ]
[ -5 -3 -2 ]
[ -4 -2 -1 ]
], 2, 1, 3, 2, -8
[
[ -4 -3 -1 3 5 ]
[ -3 -2 2 4 6 ]
[ -1 1 3 5 8 ]
[ 3 4 7 8 9 ]
], 0, 0, 1, 1, -12
[
[ -4 -3 -1 3 5 ]
[ -3 -2 2 4 6 ]
[ -1 1 3 5 8 ]
[ 3 4 7 8 9 ]
], 0, 0, 1, 2, -11
[
[ -4 -3 -1 3 5 ]
[ -3 -2 2 4 6 ]
[ -1 1 3 5 8 ]
[ 3 4 7 8 9 ]
], 0, 0, 1, 3, -4
[
[ -4 -3 -1 3 5 ]
[ -3 -2 2 4 6 ]
[ -1 1 3 5 8 ]
[ 3 4 7 8 9 ]
], 0, 0, 1, 4, 7
[
[ -4 -3 -1 3 5 ]
[ -3 -2 2 4 6 ]
[ -1 1 3 5 8 ]
[ 3 4 7 8 9 ]
], 0, 0, 2, 1, -12
[
[ -4 -3 -1 3 5 ]
[ -3 -2 2 4 6 ]
[ -1 1 3 5 8 ]
[ 3 4 7 8 9 ]
], 0, 0, 2, 2, -8
[
[ -4 -3 -1 3 5 ]
[ -3 -2 2 4 6 ]
[ -1 1 3 5 8 ]
[ 3 4 7 8 9 ]
], 0, 0, 2, 3, 4
[
[ -4 -3 -1 3 5 ]
[ -3 -2 2 4 6 ]
[ -1 1 3 5 8 ]
[ 3 4 7 8 9 ]
], 0, 0, 2, 4, 23
[
[ -4 -3 -1 3 5 ]
[ -3 -2 2 4 6 ]
[ -1 1 3 5 8 ]
[ 3 4 7 8 9 ]
], 0, 0, 3, 1, -5
[
[ -4 -3 -1 3 5 ]
[ -3 -2 2 4 6 ]
[ -1 1 3 5 8 ]
[ 3 4 7 8 9 ]
], 0, 0, 3, 2, 6
[
[ -4 -3 -1 3 5 ]
[ -3 -2 2 4 6 ]
[ -1 1 3 5 8 ]
[ 3 4 7 8 9 ]
], 0, 0, 3, 3, 26
[
[ -4 -3 -1 3 5 ]
[ -3 -2 2 4 6 ]
[ -1 1 3 5 8 ]
[ 3 4 7 8 9 ]
], 0, 0, 3, 4, 54
[
[ -4 -3 -1 3 5 ]
[ -3 -2 2 4 6 ]
[ -1 1 3 5 8 ]
[ 3 4 7 8 9 ]
], 0, 1, 1, 2, -4
[
[ -4 -3 -1 3 5 ]
[ -3 -2 2 4 6 ]
[ -1 1 3 5 8 ]
[ 3 4 7 8 9 ]
], 0, 1, 1, 3, 3
[
[ -4 -3 -1 3 5 ]
[ -3 -2 2 4 6 ]
[ -1 1 3 5 8 ]
[ 3 4 7 8 9 ]
], 0, 1, 1, 4, 14
[
[ -4 -3 -1 3 5 ]
[ -3 -2 2 4 6 ]
[ -1 1 3 5 8 ]
[ 3 4 7 8 9 ]
], 0, 1, 2, 2, 0
[
[ -4 -3 -1 3 5 ]
[ -3 -2 2 4 6 ]
[ -1 1 3 5 8 ]
[ 3 4 7 8 9 ]
], 0, 1, 2, 3, 12
[
[ -4 -3 -1 3 5 ]
[ -3 -2 2 4 6 ]
[ -1 1 3 5 8 ]
[ 3 4 7 8 9 ]
], 0, 1, 2, 4, 31
[
[ -4 -3 -1 3 5 ]
[ -3 -2 2 4 6 ]
[ -1 1 3 5 8 ]
[ 3 4 7 8 9 ]
], 0, 1, 3, 2, 11
[
[ -4 -3 -1 3 5 ]
[ -3 -2 2 4 6 ]
[ -1 1 3 5 8 ]
[ 3 4 7 8 9 ]
], 0, 1, 3, 3, 31
[
[ -4 -3 -1 3 5 ]
[ -3 -2 2 4 6 ]
[ -1 1 3 5 8 ]
[ 3 4 7 8 9 ]
], 0, 1, 3, 4, 59
[
[ -4 -3 -1 3 5 ]
[ -3 -2 2 4 6 ]
[ -1 1 3 5 8 ]
[ 3 4 7 8 9 ]
], 0, 2, 1, 3, 8
[
[ -4 -3 -1 3 5 ]
[ -3 -2 2 4 6 ]
[ -1 1 3 5 8 ]
[ 3 4 7 8 9 ]
], 0, 2, 1, 4, 19
[
[ -4 -3 -1 3 5 ]
[ -3 -2 2 4 6 ]
[ -1 1 3 5 8 ]
[ 3 4 7 8 9 ]
], 0, 2, 2, 3, 16
[
[ -4 -3 -1 3 5 ]
[ -3 -2 2 4 6 ]
[ -1 1 3 5 8 ]
[ 3 4 7 8 9 ]
], 0, 2, 2, 4, 35
[
[ -4 -3 -1 3 5 ]
[ -3 -2 2 4 6 ]
[ -1 1 3 5 8 ]
[ 3 4 7 8 9 ]
], 0, 2, 3, 3, 31
[
[ -4 -3 -1 3 5 ]
[ -3 -2 2 4 6 ]
[ -1 1 3 5 8 ]
[ 3 4 7 8 9 ]
], 0, 2, 3, 4, 59
[
[ -4 -3 -1 3 5 ]
[ -3 -2 2 4 6 ]
[ -1 1 3 5 8 ]
[ 3 4 7 8 9 ]
], 0, 3, 1, 4, 18
[
[ -4 -3 -1 3 5 ]
[ -3 -2 2 4 6 ]
[ -1 1 3 5 8 ]
[ 3 4 7 8 9 ]
], 0, 3, 2, 4, 31
[
[ -4 -3 -1 3 5 ]
[ -3 -2 2 4 6 ]
[ -1 1 3 5 8 ]
[ 3 4 7 8 9 ]
], 0, 3, 3, 4, 48
[
[ -4 -3 -1 3 5 ]
[ -3 -2 2 4 6 ]
[ -1 1 3 5 8 ]
[ 3 4 7 8 9 ]
], 1, 0, 2, 1, -5
[
[ -4 -3 -1 3 5 ]
[ -3 -2 2 4 6 ]
[ -1 1 3 5 8 ]
[ 3 4 7 8 9 ]
], 1, 0, 2, 2, 0
[
[ -4 -3 -1 3 5 ]
[ -3 -2 2 4 6 ]
[ -1 1 3 5 8 ]
[ 3 4 7 8 9 ]
], 1, 0, 2, 3, 9
[
[ -4 -3 -1 3 5 ]
[ -3 -2 2 4 6 ]
[ -1 1 3 5 8 ]
[ 3 4 7 8 9 ]
], 1, 0, 2, 4, 23
[
[ -4 -3 -1 3 5 ]
[ -3 -2 2 4 6 ]
[ -1 1 3 5 8 ]
[ 3 4 7 8 9 ]
], 1, 0, 3, 1, 2
[
[ -4 -3 -1 3 5 ]
[ -3 -2 2 4 6 ]
[ -1 1 3 5 8 ]
[ 3 4 7 8 9 ]
], 1, 0, 3, 2, 14
[
[ -4 -3 -1 3 5 ]
[ -3 -2 2 4 6 ]
[ -1 1 3 5 8 ]
[ 3 4 7 8 9 ]
], 1, 0, 3, 3, 31
[
[ -4 -3 -1 3 5 ]
[ -3 -2 2 4 6 ]
[ -1 1 3 5 8 ]
[ 3 4 7 8 9 ]
], 1, 0, 3, 4, 54
[
[ -4 -3 -1 3 5 ]
[ -3 -2 2 4 6 ]
[ -1 1 3 5 8 ]
[ 3 4 7 8 9 ]
], 1, 1, 2, 2, 4
[
[ -4 -3 -1 3 5 ]
[ -3 -2 2 4 6 ]
[ -1 1 3 5 8 ]
[ 3 4 7 8 9 ]
], 1, 1, 2, 3, 13
[
[ -4 -3 -1 3 5 ]
[ -3 -2 2 4 6 ]
[ -1 1 3 5 8 ]
[ 3 4 7 8 9 ]
], 1, 1, 2, 4, 27
[
[ -4 -3 -1 3 5 ]
[ -3 -2 2 4 6 ]
[ -1 1 3 5 8 ]
[ 3 4 7 8 9 ]
], 1, 1, 3, 2, 15
[
[ -4 -3 -1 3 5 ]
[ -3 -2 2 4 6 ]
[ -1 1 3 5 8 ]
[ 3 4 7 8 9 ]
], 1, 1, 3, 3, 32
[
[ -4 -3 -1 3 5 ]
[ -3 -2 2 4 6 ]
[ -1 1 3 5 8 ]
[ 3 4 7 8 9 ]
], 1, 1, 3, 4, 55
[
[ -4 -3 -1 3 5 ]
[ -3 -2 2 4 6 ]
[ -1 1 3 5 8 ]
[ 3 4 7 8 9 ]
], 1, 2, 2, 3, 14
[
[ -4 -3 -1 3 5 ]
[ -3 -2 2 4 6 ]
[ -1 1 3 5 8 ]
[ 3 4 7 8 9 ]
], 1, 2, 2, 4, 28
[
[ -4 -3 -1 3 5 ]
[ -3 -2 2 4 6 ]
[ -1 1 3 5 8 ]
[ 3 4 7 8 9 ]
], 1, 2, 3, 3, 29
[
[ -4 -3 -1 3 5 ]
[ -3 -2 2 4 6 ]
[ -1 1 3 5 8 ]
[ 3 4 7 8 9 ]
], 1, 2, 3, 4, 52
[
[ -4 -3 -1 3 5 ]
[ -3 -2 2 4 6 ]
[ -1 1 3 5 8 ]
[ 3 4 7 8 9 ]
], 1, 3, 2, 4, 23
[
[ -4 -3 -1 3 5 ]
[ -3 -2 2 4 6 ]
[ -1 1 3 5 8 ]
[ 3 4 7 8 9 ]
], 1, 3, 3, 4, 40
[
[ -4 -3 -1 3 5 ]
[ -3 -2 2 4 6 ]
[ -1 1 3 5 8 ]
[ 3 4 7 8 9 ]
], 2, 0, 3, 1, 7
[
[ -4 -3 -1 3 5 ]
[ -3 -2 2 4 6 ]
[ -1 1 3 5 8 ]
[ 3 4 7 8 9 ]
], 2, 0, 3, 2, 17
[
[ -4 -3 -1 3 5 ]
[ -3 -2 2 4 6 ]
[ -1 1 3 5 8 ]
[ 3 4 7 8 9 ]
], 2, 0, 3, 3, 30
[
[ -4 -3 -1 3 5 ]
[ -3 -2 2 4 6 ]
[ -1 1 3 5 8 ]
[ 3 4 7 8 9 ]
], 2, 0, 3, 4, 47
[
[ -4 -3 -1 3 5 ]
[ -3 -2 2 4 6 ]
[ -1 1 3 5 8 ]
[ 3 4 7 8 9 ]
], 2, 1, 3, 2, 15
[
[ -4 -3 -1 3 5 ]
[ -3 -2 2 4 6 ]
[ -1 1 3 5 8 ]
[ 3 4 7 8 9 ]
], 2, 1, 3, 3, 28
[
[ -4 -3 -1 3 5 ]
[ -3 -2 2 4 6 ]
[ -1 1 3 5 8 ]
[ 3 4 7 8 9 ]
], 2, 1, 3, 4, 45
[
[ -4 -3 -1 3 5 ]
[ -3 -2 2 4 6 ]
[ -1 1 3 5 8 ]
[ 3 4 7 8 9 ]
], 2, 2, 3, 3, 23
[
[ -4 -3 -1 3 5 ]
[ -3 -2 2 4 6 ]
[ -1 1 3 5 8 ]
[ 3 4 7 8 9 ]
], 2, 2, 3, 4, 40
[
[ -4 -3 -1 3 5 ]
[ -3 -2 2 4 6 ]
[ -1 1 3 5 8 ]
[ 3 4 7 8 9 ]
], 2, 3, 3, 4, 30
[
[ 1 2 3 4 5 ]
[ 14 15 16 17 6 ]
[ 13 20 19 18 7 ]
[ 12 11 10 9 8 ]
], 0, 0, 1, 1, 32
[
[ 1 2 3 4 5 ]
[ 14 15 16 17 6 ]
[ 13 20 19 18 7 ]
[ 12 11 10 9 8 ]
], 0, 0, 1, 2, 51
[
[ 1 2 3 4 5 ]
[ 14 15 16 17 6 ]
[ 13 20 19 18 7 ]
[ 12 11 10 9 8 ]
], 0, 0, 1, 3, 72
[
[ 1 2 3 4 5 ]
[ 14 15 16 17 6 ]
[ 13 20 19 18 7 ]
[ 12 11 10 9 8 ]
], 0, 0, 1, 4, 83
[
[ 1 2 3 4 5 ]
[ 14 15 16 17 6 ]
[ 13 20 19 18 7 ]
[ 12 11 10 9 8 ]
], 0, 0, 2, 1, 65
[
[ 1 2 3 4 5 ]
[ 14 15 16 17 6 ]
[ 13 20 19 18 7 ]
[ 12 11 10 9 8 ]
], 0, 0, 2, 2, 103
[
[ 1 2 3 4 5 ]
[ 14 15 16 17 6 ]
[ 13 20 19 18 7 ]
[ 12 11 10 9 8 ]
], 0, 0, 2, 3, 142
[
[ 1 2 3 4 5 ]
[ 14 15 16 17 6 ]
[ 13 20 19 18 7 ]
[ 12 11 10 9 8 ]
], 0, 0, 2, 4, 160
[
[ 1 2 3 4 5 ]
[ 14 15 16 17 6 ]
[ 13 20 19 18 7 ]
[ 12 11 10 9 8 ]
], 0, 0, 3, 1, 88
[
[ 1 2 3 4 5 ]
[ 14 15 16 17 6 ]
[ 13 20 19 18 7 ]
[ 12 11 10 9 8 ]
], 0, 0, 3, 2, 136
[
[ 1 2 3 4 5 ]
[ 14 15 16 17 6 ]
[ 13 20 19 18 7 ]
[ 12 11 10 9 8 ]
], 0, 0, 3, 3, 184
[
[ 1 2 3 4 5 ]
[ 14 15 16 17 6 ]
[ 13 20 19 18 7 ]
[ 12 11 10 9 8 ]
], 0, 0, 3, 4, 210
[
[ 1 2 3 4 5 ]
[ 14 15 16 17 6 ]
[ 13 20 19 18 7 ]
[ 12 11 10 9 8 ]
], 0, 1, 1, 2, 36
[
[ 1 2 3 4 5 ]
[ 14 15 16 17 6 ]
[ 13 20 19 18 7 ]
[ 12 11 10 9 8 ]
], 0, 1, 1, 3, 57
[
[ 1 2 3 4 5 ]
[ 14 15 16 17 6 ]
[ 13 20 19 18 7 ]
[ 12 11 10 9 8 ]
], 0, 1, 1, 4, 68
[
[ 1 2 3 4 5 ]
[ 14 15 16 17 6 ]
[ 13 20 19 18 7 ]
[ 12 11 10 9 8 ]
], 0, 1, 2, 2, 75
[
[ 1 2 3 4 5 ]
[ 14 15 16 17 6 ]
[ 13 20 19 18 7 ]
[ 12 11 10 9 8 ]
], 0, 1, 2, 3, 114
[
[ 1 2 3 4 5 ]
[ 14 15 16 17 6 ]
[ 13 20 19 18 7 ]
[ 12 11 10 9 8 ]
], 0, 1, 2, 4, 132
[
[ 1 2 3 4 5 ]
[ 14 15 16 17 6 ]
[ 13 20 19 18 7 ]
[ 12 11 10 9 8 ]
], 0, 1, 3, 2, 96
[
[ 1 2 3 4 5 ]
[ 14 15 16 17 6 ]
[ 13 20 19 18 7 ]
[ 12 11 10 9 8 ]
], 0, 1, 3, 3, 144
[
[ 1 2 3 4 5 ]
[ 14 15 16 17 6 ]
[ 13 20 19 18 7 ]
[ 12 11 10 9 8 ]
], 0, 1, 3, 4, 170
[
[ 1 2 3 4 5 ]
[ 14 15 16 17 6 ]
[ 13 20 19 18 7 ]
[ 12 11 10 9 8 ]
], 0, 2, 1, 3, 40
[
[ 1 2 3 4 5 ]
[ 14 15 16 17 6 ]
[ 13 20 19 18 7 ]
[ 12 11 10 9 8 ]
], 0, 2, 1, 4, 51
[
[ 1 2 3 4 5 ]
[ 14 15 16 17 6 ]
[ 13 20 19 18 7 ]
[ 12 11 10 9 8 ]
], 0, 2, 2, 3, 77
[
[ 1 2 3 4 5 ]
[ 14 15 16 17 6 ]
[ 13 20 19 18 7 ]
[ 12 11 10 9 8 ]
], 0, 2, 2, 4, 95
[
[ 1 2 3 4 5 ]
[ 14 15 16 17 6 ]
[ 13 20 19 18 7 ]
[ 12 11 10 9 8 ]
], 0, 2, 3, 3, 96
[
[ 1 2 3 4 5 ]
[ 14 15 16 17 6 ]
[ 13 20 19 18 7 ]
[ 12 11 10 9 8 ]
], 0, 2, 3, 4, 122
[
[ 1 2 3 4 5 ]
[ 14 15 16 17 6 ]
[ 13 20 19 18 7 ]
[ 12 11 10 9 8 ]
], 0, 3, 1, 4, 32
[
[ 1 2 3 4 5 ]
[ 14 15 16 17 6 ]
[ 13 20 19 18 7 ]
[ 12 11 10 9 8 ]
], 0, 3, 2, 4, 57
[
[ 1 2 3 4 5 ]
[ 14 15 16 17 6 ]
[ 13 20 19 18 7 ]
[ 12 11 10 9 8 ]
], 0, 3, 3, 4, 74
[
[ 1 2 3 4 5 ]
[ 14 15 16 17 6 ]
[ 13 20 19 18 7 ]
[ 12 11 10 9 8 ]
], 1, 0, 2, 1, 62
[
[ 1 2 3 4 5 ]
[ 14 15 16 17 6 ]
[ 13 20 19 18 7 ]
[ 12 11 10 9 8 ]
], 1, 0, 2, 2, 97
[
[ 1 2 3 4 5 ]
[ 14 15 16 17 6 ]
[ 13 20 19 18 7 ]
[ 12 11 10 9 8 ]
], 1, 0, 2, 3, 132
[
[ 1 2 3 4 5 ]
[ 14 15 16 17 6 ]
[ 13 20 19 18 7 ]
[ 12 11 10 9 8 ]
], 1, 0, 2, 4, 145
[
[ 1 2 3 4 5 ]
[ 14 15 16 17 6 ]
[ 13 20 19 18 7 ]
[ 12 11 10 9 8 ]
], 1, 0, 3, 1, 85
[
[ 1 2 3 4 5 ]
[ 14 15 16 17 6 ]
[ 13 20 19 18 7 ]
[ 12 11 10 9 8 ]
], 1, 0, 3, 2, 130
[
[ 1 2 3 4 5 ]
[ 14 15 16 17 6 ]
[ 13 20 19 18 7 ]
[ 12 11 10 9 8 ]
], 1, 0, 3, 3, 174
[
[ 1 2 3 4 5 ]
[ 14 15 16 17 6 ]
[ 13 20 19 18 7 ]
[ 12 11 10 9 8 ]
], 1, 0, 3, 4, 195
[
[ 1 2 3 4 5 ]
[ 14 15 16 17 6 ]
[ 13 20 19 18 7 ]
[ 12 11 10 9 8 ]
], 1, 1, 2, 2, 70
[
[ 1 2 3 4 5 ]
[ 14 15 16 17 6 ]
[ 13 20 19 18 7 ]
[ 12 11 10 9 8 ]
], 1, 1, 2, 3, 105
[
[ 1 2 3 4 5 ]
[ 14 15 16 17 6 ]
[ 13 20 19 18 7 ]
[ 12 11 10 9 8 ]
], 1, 1, 2, 4, 118
[
[ 1 2 3 4 5 ]
[ 14 15 16 17 6 ]
[ 13 20 19 18 7 ]
[ 12 11 10 9 8 ]
], 1, 1, 3, 2, 91
[
[ 1 2 3 4 5 ]
[ 14 15 16 17 6 ]
[ 13 20 19 18 7 ]
[ 12 11 10 9 8 ]
], 1, 1, 3, 3, 135
[
[ 1 2 3 4 5 ]
[ 14 15 16 17 6 ]
[ 13 20 19 18 7 ]
[ 12 11 10 9 8 ]
], 1, 1, 3, 4, 156
[
[ 1 2 3 4 5 ]
[ 14 15 16 17 6 ]
[ 13 20 19 18 7 ]
[ 12 11 10 9 8 ]
], 1, 2, 2, 3, 70
[
[ 1 2 3 4 5 ]
[ 14 15 16 17 6 ]
[ 13 20 19 18 7 ]
[ 12 11 10 9 8 ]
], 1, 2, 2, 4, 83
[
[ 1 2 3 4 5 ]
[ 14 15 16 17 6 ]
[ 13 20 19 18 7 ]
[ 12 11 10 9 8 ]
], 1, 2, 3, 3, 89
[
[ 1 2 3 4 5 ]
[ 14 15 16 17 6 ]
[ 13 20 19 18 7 ]
[ 12 11 10 9 8 ]
], 1, 2, 3, 4, 110
[
[ 1 2 3 4 5 ]
[ 14 15 16 17 6 ]
[ 13 20 19 18 7 ]
[ 12 11 10 9 8 ]
], 1, 3, 2, 4, 48
[
[ 1 2 3 4 5 ]
[ 14 15 16 17 6 ]
[ 13 20 19 18 7 ]
[ 12 11 10 9 8 ]
], 1, 3, 3, 4, 65
[
[ 1 2 3 4 5 ]
[ 14 15 16 17 6 ]
[ 13 20 19 18 7 ]
[ 12 11 10 9 8 ]
], 2, 0, 3, 1, 56
[
[ 1 2 3 4 5 ]
[ 14 15 16 17 6 ]
[ 13 20 19 18 7 ]
[ 12 11 10 9 8 ]
], 2, 0, 3, 2, 85
[
[ 1 2 3 4 5 ]
[ 14 15 16 17 6 ]
[ 13 20 19 18 7 ]
[ 12 11 10 9 8 ]
], 2, 0, 3, 3, 112
[
[ 1 2 3 4 5 ]
[ 14 15 16 17 6 ]
[ 13 20 19 18 7 ]
[ 12 11 10 9 8 ]
], 2, 0, 3, 4, 127
[
[ 1 2 3 4 5 ]
[ 14 15 16 17 6 ]
[ 13 20 19 18 7 ]
[ 12 11 10 9 8 ]
], 2, 1, 3, 2, 60
[
[ 1 2 3 4 5 ]
[ 14 15 16 17 6 ]
[ 13 20 19 18 7 ]
[ 12 11 10 9 8 ]
], 2, 1, 3, 3, 87
[
[ 1 2 3 4 5 ]
[ 14 15 16 17 6 ]
[ 13 20 19 18 7 ]
[ 12 11 10 9 8 ]
], 2, 1, 3, 4, 102
[
[ 1 2 3 4 5 ]
[ 14 15 16 17 6 ]
[ 13 20 19 18 7 ]
[ 12 11 10 9 8 ]
], 2, 2, 3, 3, 56
[
[ 1 2 3 4 5 ]
[ 14 15 16 17 6 ]
[ 13 20 19 18 7 ]
[ 12 11 10 9 8 ]
], 2, 2, 3, 4, 71
[
[ 1 2 3 4 5 ]
[ 14 15 16 17 6 ]
[ 13 20 19 18 7 ]
[ 12 11 10 9 8 ]
], 2, 3, 3, 4, 42
[
[ 1 2 -1 -4 -20 ]
[ -8 -3 4 2 1 ]
[ 3 8 6 1 3 ]
[ -4 -1 1 7 -6 ]
[ 0 -4 10 -5 1 ]
], 0, 0, 1, 1, -8
[
[ 1 2 -1 -4 -20 ]
[ -8 -3 4 2 1 ]
[ 3 8 6 1 3 ]
[ -4 -1 1 7 -6 ]
[ 0 -4 10 -5 1 ]
], 0, 0, 1, 2, -5
[
[ 1 2 -1 -4 -20 ]
[ -8 -3 4 2 1 ]
[ 3 8 6 1 3 ]
[ -4 -1 1 7 -6 ]
[ 0 -4 10 -5 1 ]
], 0, 0, 1, 3, -7
[
[ 1 2 -1 -4 -20 ]
[ -8 -3 4 2 1 ]
[ 3 8 6 1 3 ]
[ -4 -1 1 7 -6 ]
[ 0 -4 10 -5 1 ]
], 0, 0, 1, 4, -26
[
[ 1 2 -1 -4 -20 ]
[ -8 -3 4 2 1 ]
[ 3 8 6 1 3 ]
[ -4 -1 1 7 -6 ]
[ 0 -4 10 -5 1 ]
], 0, 0, 2, 1, 3
[
[ 1 2 -1 -4 -20 ]
[ -8 -3 4 2 1 ]
[ 3 8 6 1 3 ]
[ -4 -1 1 7 -6 ]
[ 0 -4 10 -5 1 ]
], 0, 0, 2, 2, 12
[
[ 1 2 -1 -4 -20 ]
[ -8 -3 4 2 1 ]
[ 3 8 6 1 3 ]
[ -4 -1 1 7 -6 ]
[ 0 -4 10 -5 1 ]
], 0, 0, 2, 3, 11
[
[ 1 2 -1 -4 -20 ]
[ -8 -3 4 2 1 ]
[ 3 8 6 1 3 ]
[ -4 -1 1 7 -6 ]
[ 0 -4 10 -5 1 ]
], 0, 0, 2, 4, -5
[
[ 1 2 -1 -4 -20 ]
[ -8 -3 4 2 1 ]
[ 3 8 6 1 3 ]
[ -4 -1 1 7 -6 ]
[ 0 -4 10 -5 1 ]
], 0, 0, 3, 1, -2
[
[ 1 2 -1 -4 -20 ]
[ -8 -3 4 2 1 ]
[ 3 8 6 1 3 ]
[ -4 -1 1 7 -6 ]
[ 0 -4 10 -5 1 ]
], 0, 0, 3, 2, 8
[
[ 1 2 -1 -4 -20 ]
[ -8 -3 4 2 1 ]
[ 3 8 6 1 3 ]
[ -4 -1 1 7 -6 ]
[ 0 -4 10 -5 1 ]
], 0, 0, 3, 3, 14
[
[ 1 2 -1 -4 -20 ]
[ -8 -3 4 2 1 ]
[ 3 8 6 1 3 ]
[ -4 -1 1 7 -6 ]
[ 0 -4 10 -5 1 ]
], 0, 0, 3, 4, -8
[
[ 1 2 -1 -4 -20 ]
[ -8 -3 4 2 1 ]
[ 3 8 6 1 3 ]
[ -4 -1 1 7 -6 ]
[ 0 -4 10 -5 1 ]
], 0, 0, 4, 1, -6
[
[ 1 2 -1 -4 -20 ]
[ -8 -3 4 2 1 ]
[ 3 8 6 1 3 ]
[ -4 -1 1 7 -6 ]
[ 0 -4 10 -5 1 ]
], 0, 0, 4, 2, 14
[
[ 1 2 -1 -4 -20 ]
[ -8 -3 4 2 1 ]
[ 3 8 6 1 3 ]
[ -4 -1 1 7 -6 ]
[ 0 -4 10 -5 1 ]
], 0, 0, 4, 3, 15
[
[ 1 2 -1 -4 -20 ]
[ -8 -3 4 2 1 ]
[ 3 8 6 1 3 ]
[ -4 -1 1 7 -6 ]
[ 0 -4 10 -5 1 ]
], 0, 0, 4, 4, -6
[
[ 1 2 -1 -4 -20 ]
[ -8 -3 4 2 1 ]
[ 3 8 6 1 3 ]
[ -4 -1 1 7 -6 ]
[ 0 -4 10 -5 1 ]
], 0, 1, 1, 2, 2
[
[ 1 2 -1 -4 -20 ]
[ -8 -3 4 2 1 ]
[ 3 8 6 1 3 ]
[ -4 -1 1 7 -6 ]
[ 0 -4 10 -5 1 ]
], 0, 1, 1, 3, 0
[
[ 1 2 -1 -4 -20 ]
[ -8 -3 4 2 1 ]
[ 3 8 6 1 3 ]
[ -4 -1 1 7 -6 ]
[ 0 -4 10 -5 1 ]
], 0, 1, 1, 4, -19
[
[ 1 2 -1 -4 -20 ]
[ -8 -3 4 2 1 ]
[ 3 8 6 1 3 ]
[ -4 -1 1 7 -6 ]
[ 0 -4 10 -5 1 ]
], 0, 1, 2, 2, 16
[
[ 1 2 -1 -4 -20 ]
[ -8 -3 4 2 1 ]
[ 3 8 6 1 3 ]
[ -4 -1 1 7 -6 ]
[ 0 -4 10 -5 1 ]
], 0, 1, 2, 3, 15
[
[ 1 2 -1 -4 -20 ]
[ -8 -3 4 2 1 ]
[ 3 8 6 1 3 ]
[ -4 -1 1 7 -6 ]
[ 0 -4 10 -5 1 ]
], 0, 1, 2, 4, -1
[
[ 1 2 -1 -4 -20 ]
[ -8 -3 4 2 1 ]
[ 3 8 6 1 3 ]
[ -4 -1 1 7 -6 ]
[ 0 -4 10 -5 1 ]
], 0, 1, 3, 2, 16
[
[ 1 2 -1 -4 -20 ]
[ -8 -3 4 2 1 ]
[ 3 8 6 1 3 ]
[ -4 -1 1 7 -6 ]
[ 0 -4 10 -5 1 ]
], 0, 1, 3, 3, 22
[
[ 1 2 -1 -4 -20 ]
[ -8 -3 4 2 1 ]
[ 3 8 6 1 3 ]
[ -4 -1 1 7 -6 ]
[ 0 -4 10 -5 1 ]
], 0, 1, 3, 4, 0
[
[ 1 2 -1 -4 -20 ]
[ -8 -3 4 2 1 ]
[ 3 8 6 1 3 ]
[ -4 -1 1 7 -6 ]
[ 0 -4 10 -5 1 ]
], 0, 1, 4, 2, 22
[
[ 1 2 -1 -4 -20 ]
[ -8 -3 4 2 1 ]
[ 3 8 6 1 3 ]
[ -4 -1 1 7 -6 ]
[ 0 -4 10 -5 1 ]
], 0, 1, 4, 3, 23
[
[ 1 2 -1 -4 -20 ]
[ -8 -3 4 2 1 ]
[ 3 8 6 1 3 ]
[ -4 -1 1 7 -6 ]
[ 0 -4 10 -5 1 ]
], 0, 1, 4, 4, 2
[
[ 1 2 -1 -4 -20 ]
[ -8 -3 4 2 1 ]
[ 3 8 6 1 3 ]
[ -4 -1 1 7 -6 ]
[ 0 -4 10 -5 1 ]
], 0, 2, 1, 3, 1
[
[ 1 2 -1 -4 -20 ]
[ -8 -3 4 2 1 ]
[ 3 8 6 1 3 ]
[ -4 -1 1 7 -6 ]
[ 0 -4 10 -5 1 ]
], 0, 2, 1, 4, -18
[
[ 1 2 -1 -4 -20 ]
[ -8 -3 4 2 1 ]
[ 3 8 6 1 3 ]
[ -4 -1 1 7 -6 ]
[ 0 -4 10 -5 1 ]
], 0, 2, 2, 3, 8
[
[ 1 2 -1 -4 -20 ]
[ -8 -3 4 2 1 ]
[ 3 8 6 1 3 ]
[ -4 -1 1 7 -6 ]
[ 0 -4 10 -5 1 ]
], 0, 2, 2, 4, -8
[
[ 1 2 -1 -4 -20 ]
[ -8 -3 4 2 1 ]
[ 3 8 6 1 3 ]
[ -4 -1 1 7 -6 ]
[ 0 -4 10 -5 1 ]
], 0, 2, 3, 3, 16
[
[ 1 2 -1 -4 -20 ]
[ -8 -3 4 2 1 ]
[ 3 8 6 1 3 ]
[ -4 -1 1 7 -6 ]
[ 0 -4 10 -5 1 ]
], 0, 2, 3, 4, -6
[
[ 1 2 -1 -4 -20 ]
[ -8 -3 4 2 1 ]
[ 3 8 6 1 3 ]
[ -4 -1 1 7 -6 ]
[ 0 -4 10 -5 1 ]
], 0, 2, 4, 3, 21
[
[ 1 2 -1 -4 -20 ]
[ -8 -3 4 2 1 ]
[ 3 8 6 1 3 ]
[ -4 -1 1 7 -6 ]
[ 0 -4 10 -5 1 ]
], 0, 2, 4, 4, 0
[
[ 1 2 -1 -4 -20 ]
[ -8 -3 4 2 1 ]
[ 3 8 6 1 3 ]
[ -4 -1 1 7 -6 ]
[ 0 -4 10 -5 1 ]
], 0, 3, 1, 4, -21
[
[ 1 2 -1 -4 -20 ]
[ -8 -3 4 2 1 ]
[ 3 8 6 1 3 ]
[ -4 -1 1 7 -6 ]
[ 0 -4 10 -5 1 ]
], 0, 3, 2, 4, -17
[
[ 1 2 -1 -4 -20 ]
[ -8 -3 4 2 1 ]
[ 3 8 6 1 3 ]
[ -4 -1 1 7 -6 ]
[ 0 -4 10 -5 1 ]
], 0, 3, 3, 4, -16
[
[ 1 2 -1 -4 -20 ]
[ -8 -3 4 2 1 ]
[ 3 8 6 1 3 ]
[ -4 -1 1 7 -6 ]
[ 0 -4 10 -5 1 ]
], 0, 3, 4, 4, -20
[
[ 1 2 -1 -4 -20 ]
[ -8 -3 4 2 1 ]
[ 3 8 6 1 3 ]
[ -4 -1 1 7 -6 ]
[ 0 -4 10 -5 1 ]
], 1, 0, 2, 1, 0
[
[ 1 2 -1 -4 -20 ]
[ -8 -3 4 2 1 ]
[ 3 8 6 1 3 ]
[ -4 -1 1 7 -6 ]
[ 0 -4 10 -5 1 ]
], 1, 0, 2, 2, 10
[
[ 1 2 -1 -4 -20 ]
[ -8 -3 4 2 1 ]
[ 3 8 6 1 3 ]
[ -4 -1 1 7 -6 ]
[ 0 -4 10 -5 1 ]
], 1, 0, 2, 3, 13
[
[ 1 2 -1 -4 -20 ]
[ -8 -3 4 2 1 ]
[ 3 8 6 1 3 ]
[ -4 -1 1 7 -6 ]
[ 0 -4 10 -5 1 ]
], 1, 0, 2, 4, 17
[
[ 1 2 -1 -4 -20 ]
[ -8 -3 4 2 1 ]
[ 3 8 6 1 3 ]
[ -4 -1 1 7 -6 ]
[ 0 -4 10 -5 1 ]
], 1, 0, 3, 1, -5
[
[ 1 2 -1 -4 -20 ]
[ -8 -3 4 2 1 ]
[ 3 8 6 1 3 ]
[ -4 -1 1 7 -6 ]
[ 0 -4 10 -5 1 ]
], 1, 0, 3, 2, 6
[
[ 1 2 -1 -4 -20 ]
[ -8 -3 4 2 1 ]
[ 3 8 6 1 3 ]
[ -4 -1 1 7 -6 ]
[ 0 -4 10 -5 1 ]
], 1, 0, 3, 3, 16
[
[ 1 2 -1 -4 -20 ]
[ -8 -3 4 2 1 ]
[ 3 8 6 1 3 ]
[ -4 -1 1 7 -6 ]
[ 0 -4 10 -5 1 ]
], 1, 0, 3, 4, 14
[
[ 1 2 -1 -4 -20 ]
[ -8 -3 4 2 1 ]
[ 3 8 6 1 3 ]
[ -4 -1 1 7 -6 ]
[ 0 -4 10 -5 1 ]
], 1, 0, 4, 1, -9
[
[ 1 2 -1 -4 -20 ]
[ -8 -3 4 2 1 ]
[ 3 8 6 1 3 ]
[ -4 -1 1 7 -6 ]
[ 0 -4 10 -5 1 ]
], 1, 0, 4, 2, 12
[
[ 1 2 -1 -4 -20 ]
[ -8 -3 4 2 1 ]
[ 3 8 6 1 3 ]
[ -4 -1 1 7 -6 ]
[ 0 -4 10 -5 1 ]
], 1, 0, 4, 3, 17
[
[ 1 2 -1 -4 -20 ]
[ -8 -3 4 2 1 ]
[ 3 8 6 1 3 ]
[ -4 -1 1 7 -6 ]
[ 0 -4 10 -5 1 ]
], 1, 0, 4, 4, 16
[
[ 1 2 -1 -4 -20 ]
[ -8 -3 4 2 1 ]
[ 3 8 6 1 3 ]
[ -4 -1 1 7 -6 ]
[ 0 -4 10 -5 1 ]
], 1, 1, 2, 2, 15
[
[ 1 2 -1 -4 -20 ]
[ -8 -3 4 2 1 ]
[ 3 8 6 1 3 ]
[ -4 -1 1 7 -6 ]
[ 0 -4 10 -5 1 ]
], 1, 1, 2, 3, 18
[
[ 1 2 -1 -4 -20 ]
[ -8 -3 4 2 1 ]
[ 3 8 6 1 3 ]
[ -4 -1 1 7 -6 ]
[ 0 -4 10 -5 1 ]
], 1, 1, 2, 4, 22
[
[ 1 2 -1 -4 -20 ]
[ -8 -3 4 2 1 ]
[ 3 8 6 1 3 ]
[ -4 -1 1 7 -6 ]
[ 0 -4 10 -5 1 ]
], 1, 1, 3, 2, 15
[
[ 1 2 -1 -4 -20 ]
[ -8 -3 4 2 1 ]
[ 3 8 6 1 3 ]
[ -4 -1 1 7 -6 ]
[ 0 -4 10 -5 1 ]
], 1, 1, 3, 3, 25
[
[ 1 2 -1 -4 -20 ]
[ -8 -3 4 2 1 ]
[ 3 8 6 1 3 ]
[ -4 -1 1 7 -6 ]
[ 0 -4 10 -5 1 ]
], 1, 1, 3, 4, 23
[
[ 1 2 -1 -4 -20 ]
[ -8 -3 4 2 1 ]
[ 3 8 6 1 3 ]
[ -4 -1 1 7 -6 ]
[ 0 -4 10 -5 1 ]
], 1, 1, 4, 2, 21
[
[ 1 2 -1 -4 -20 ]
[ -8 -3 4 2 1 ]
[ 3 8 6 1 3 ]
[ -4 -1 1 7 -6 ]
[ 0 -4 10 -5 1 ]
], 1, 1, 4, 3, 26
[
[ 1 2 -1 -4 -20 ]
[ -8 -3 4 2 1 ]
[ 3 8 6 1 3 ]
[ -4 -1 1 7 -6 ]
[ 0 -4 10 -5 1 ]
], 1, 1, 4, 4, 25
[
[ 1 2 -1 -4 -20 ]
[ -8 -3 4 2 1 ]
[ 3 8 6 1 3 ]
[ -4 -1 1 7 -6 ]
[ 0 -4 10 -5 1 ]
], 1, 2, 2, 3, 13
[
[ 1 2 -1 -4 -20 ]
[ -8 -3 4 2 1 ]
[ 3 8 6 1 3 ]
[ -4 -1 1 7 -6 ]
[ 0 -4 10 -5 1 ]
], 1, 2, 2, 4, 17
[
[ 1 2 -1 -4 -20 ]
[ -8 -3 4 2 1 ]
[ 3 8 6 1 3 ]
[ -4 -1 1 7 -6 ]
[ 0 -4 10 -5 1 ]
], 1, 2, 3, 3, 21
[
[ 1 2 -1 -4 -20 ]
[ -8 -3 4 2 1 ]
[ 3 8 6 1 3 ]
[ -4 -1 1 7 -6 ]
[ 0 -4 10 -5 1 ]
], 1, 2, 3, 4, 19
[
[ 1 2 -1 -4 -20 ]
[ -8 -3 4 2 1 ]
[ 3 8 6 1 3 ]
[ -4 -1 1 7 -6 ]
[ 0 -4 10 -5 1 ]
], 1, 2, 4, 3, 26
[
[ 1 2 -1 -4 -20 ]
[ -8 -3 4 2 1 ]
[ 3 8 6 1 3 ]
[ -4 -1 1 7 -6 ]
[ 0 -4 10 -5 1 ]
], 1, 2, 4, 4, 25
[
[ 1 2 -1 -4 -20 ]
[ -8 -3 4 2 1 ]
[ 3 8 6 1 3 ]
[ -4 -1 1 7 -6 ]
[ 0 -4 10 -5 1 ]
], 1, 3, 2, 4, 7
[
[ 1 2 -1 -4 -20 ]
[ -8 -3 4 2 1 ]
[ 3 8 6 1 3 ]
[ -4 -1 1 7 -6 ]
[ 0 -4 10 -5 1 ]
], 1, 3, 3, 4, 8
[
[ 1 2 -1 -4 -20 ]
[ -8 -3 4 2 1 ]
[ 3 8 6 1 3 ]
[ -4 -1 1 7 -6 ]
[ 0 -4 10 -5 1 ]
], 1, 3, 4, 4, 4
[
[ 1 2 -1 -4 -20 ]
[ -8 -3 4 2 1 ]
[ 3 8 6 1 3 ]
[ -4 -1 1 7 -6 ]
[ 0 -4 10 -5 1 ]
], 2, 0, 3, 1, 6
[
[ 1 2 -1 -4 -20 ]
[ -8 -3 4 2 1 ]
[ 3 8 6 1 3 ]
[ -4 -1 1 7 -6 ]
[ 0 -4 10 -5 1 ]
], 2, 0, 3, 2, 13
[
[ 1 2 -1 -4 -20 ]
[ -8 -3 4 2 1 ]
[ 3 8 6 1 3 ]
[ -4 -1 1 7 -6 ]
[ 0 -4 10 -5 1 ]
], 2, 0, 3, 3, 21
[
[ 1 2 -1 -4 -20 ]
[ -8 -3 4 2 1 ]
[ 3 8 6 1 3 ]
[ -4 -1 1 7 -6 ]
[ 0 -4 10 -5 1 ]
], 2, 0, 3, 4, 18
[
[ 1 2 -1 -4 -20 ]
[ -8 -3 4 2 1 ]
[ 3 8 6 1 3 ]
[ -4 -1 1 7 -6 ]
[ 0 -4 10 -5 1 ]
], 2, 0, 4, 1, 2
[
[ 1 2 -1 -4 -20 ]
[ -8 -3 4 2 1 ]
[ 3 8 6 1 3 ]
[ -4 -1 1 7 -6 ]
[ 0 -4 10 -5 1 ]
], 2, 0, 4, 2, 19
[
[ 1 2 -1 -4 -20 ]
[ -8 -3 4 2 1 ]
[ 3 8 6 1 3 ]
[ -4 -1 1 7 -6 ]
[ 0 -4 10 -5 1 ]
], 2, 0, 4, 3, 22
[
[ 1 2 -1 -4 -20 ]
[ -8 -3 4 2 1 ]
[ 3 8 6 1 3 ]
[ -4 -1 1 7 -6 ]
[ 0 -4 10 -5 1 ]
], 2, 0, 4, 4, 20
[
[ 1 2 -1 -4 -20 ]
[ -8 -3 4 2 1 ]
[ 3 8 6 1 3 ]
[ -4 -1 1 7 -6 ]
[ 0 -4 10 -5 1 ]
], 2, 1, 3, 2, 14
[
[ 1 2 -1 -4 -20 ]
[ -8 -3 4 2 1 ]
[ 3 8 6 1 3 ]
[ -4 -1 1 7 -6 ]
[ 0 -4 10 -5 1 ]
], 2, 1, 3, 3, 22
[
[ 1 2 -1 -4 -20 ]
[ -8 -3 4 2 1 ]
[ 3 8 6 1 3 ]
[ -4 -1 1 7 -6 ]
[ 0 -4 10 -5 1 ]
], 2, 1, 3, 4, 19
[
[ 1 2 -1 -4 -20 ]
[ -8 -3 4 2 1 ]
[ 3 8 6 1 3 ]
[ -4 -1 1 7 -6 ]
[ 0 -4 10 -5 1 ]
], 2, 1, 4, 2, 20
[
[ 1 2 -1 -4 -20 ]
[ -8 -3 4 2 1 ]
[ 3 8 6 1 3 ]
[ -4 -1 1 7 -6 ]
[ 0 -4 10 -5 1 ]
], 2, 1, 4, 3, 23
[
[ 1 2 -1 -4 -20 ]
[ -8 -3 4 2 1 ]
[ 3 8 6 1 3 ]
[ -4 -1 1 7 -6 ]
[ 0 -4 10 -5 1 ]
], 2, 1, 4, 4, 21
[
[ 1 2 -1 -4 -20 ]
[ -8 -3 4 2 1 ]
[ 3 8 6 1 3 ]
[ -4 -1 1 7 -6 ]
[ 0 -4 10 -5 1 ]
], 2, 2, 3, 3, 15
[
[ 1 2 -1 -4 -20 ]
[ -8 -3 4 2 1 ]
[ 3 8 6 1 3 ]
[ -4 -1 1 7 -6 ]
[ 0 -4 10 -5 1 ]
], 2, 2, 3, 4, 12
[
[ 1 2 -1 -4 -20 ]
[ -8 -3 4 2 1 ]
[ 3 8 6 1 3 ]
[ -4 -1 1 7 -6 ]
[ 0 -4 10 -5 1 ]
], 2, 2, 4, 3, 20
[
[ 1 2 -1 -4 -20 ]
[ -8 -3 4 2 1 ]
[ 3 8 6 1 3 ]
[ -4 -1 1 7 -6 ]
[ 0 -4 10 -5 1 ]
], 2, 2, 4, 4, 18
[
[ 1 2 -1 -4 -20 ]
[ -8 -3 4 2 1 ]
[ 3 8 6 1 3 ]
[ -4 -1 1 7 -6 ]
[ 0 -4 10 -5 1 ]
], 2, 3, 3, 4, 5
[
[ 1 2 -1 -4 -20 ]
[ -8 -3 4 2 1 ]
[ 3 8 6 1 3 ]
[ -4 -1 1 7 -6 ]
[ 0 -4 10 -5 1 ]
], 2, 3, 4, 4, 1
[
[ 1 2 -1 -4 -20 ]
[ -8 -3 4 2 1 ]
[ 3 8 6 1 3 ]
[ -4 -1 1 7 -6 ]
[ 0 -4 10 -5 1 ]
], 3, 0, 4, 1, -9
[
[ 1 2 -1 -4 -20 ]
[ -8 -3 4 2 1 ]
[ 3 8 6 1 3 ]
[ -4 -1 1 7 -6 ]
[ 0 -4 10 -5 1 ]
], 3, 0, 4, 2, 2
[
[ 1 2 -1 -4 -20 ]
[ -8 -3 4 2 1 ]
[ 3 8 6 1 3 ]
[ -4 -1 1 7 -6 ]
[ 0 -4 10 -5 1 ]
], 3, 0, 4, 3, 4
[
[ 1 2 -1 -4 -20 ]
[ -8 -3 4 2 1 ]
[ 3 8 6 1 3 ]
[ -4 -1 1 7 -6 ]
[ 0 -4 10 -5 1 ]
], 3, 0, 4, 4, -1
[
[ 1 2 -1 -4 -20 ]
[ -8 -3 4 2 1 ]
[ 3 8 6 1 3 ]
[ -4 -1 1 7 -6 ]
[ 0 -4 10 -5 1 ]
], 3, 1, 4, 2, 6
[
[ 1 2 -1 -4 -20 ]
[ -8 -3 4 2 1 ]
[ 3 8 6 1 3 ]
[ -4 -1 1 7 -6 ]
[ 0 -4 10 -5 1 ]
], 3, 1, 4, 3, 8
[
[ 1 2 -1 -4 -20 ]
[ -8 -3 4 2 1 ]
[ 3 8 6 1 3 ]
[ -4 -1 1 7 -6 ]
[ 0 -4 10 -5 1 ]
], 3, 1, 4, 4, 3
[
[ 1 2 -1 -4 -20 ]
[ -8 -3 4 2 1 ]
[ 3 8 6 1 3 ]
[ -4 -1 1 7 -6 ]
[ 0 -4 10 -5 1 ]
], 3, 2, 4, 3, 13
[
[ 1 2 -1 -4 -20 ]
[ -8 -3 4 2 1 ]
[ 3 8 6 1 3 ]
[ -4 -1 1 7 -6 ]
[ 0 -4 10 -5 1 ]
], 3, 2, 4, 4, 8
[
[ 1 2 -1 -4 -20 ]
[ -8 -3 4 2 1 ]
[ 3 8 6 1 3 ]
[ -4 -1 1 7 -6 ]
[ 0 -4 10 -5 1 ]
], 3, 3, 4, 4, -3
[
[ 3 3 ]
[ 5 3 ]
], 0, 0, 1, 1, 14
[
[ -3 3 ]
[ 5 -3 ]
], 0, 0, 1, 1, 2
[
[ 1 2 3 4 ]
[ 2 1 2 3 ]
[ 1 2 1 2 ]
[ 1 2 3 1 ]
], 0, 0, 1, 1, 6
[
[ 1 2 3 4 ]
[ 2 1 2 3 ]
[ 1 2 1 2 ]
[ 1 2 3 1 ]
], 0, 0, 1, 2, 11
[
[ 1 2 3 4 ]
[ 2 1 2 3 ]
[ 1 2 1 2 ]
[ 1 2 3 1 ]
], 0, 0, 1, 3, 18
[
[ 1 2 3 4 ]
[ 2 1 2 3 ]
[ 1 2 1 2 ]
[ 1 2 3 1 ]
], 0, 0, 2, 1, 9
[
[ 1 2 3 4 ]
[ 2 1 2 3 ]
[ 1 2 1 2 ]
[ 1 2 3 1 ]
], 0, 0, 2, 2, 15
[
[ 1 2 3 4 ]
[ 2 1 2 3 ]
[ 1 2 1 2 ]
[ 1 2 3 1 ]
], 0, 0, 2, 3, 24
[
[ 1 2 3 4 ]
[ 2 1 2 3 ]
[ 1 2 1 2 ]
[ 1 2 3 1 ]
], 0, 0, 3, 1, 12
[
[ 1 2 3 4 ]
[ 2 1 2 3 ]
[ 1 2 1 2 ]
[ 1 2 3 1 ]
], 0, 0, 3, 2, 21
[
[ 1 2 3 4 ]
[ 2 1 2 3 ]
[ 1 2 1 2 ]
[ 1 2 3 1 ]
], 0, 0, 3, 3, 31
[
[ 1 2 3 4 ]
[ 2 1 2 3 ]
[ 1 2 1 2 ]
[ 1 2 3 1 ]
], 0, 1, 1, 2, 8
[
[ 1 2 3 4 ]
[ 2 1 2 3 ]
[ 1 2 1 2 ]
[ 1 2 3 1 ]
], 0, 1, 1, 3, 15
[
[ 1 2 3 4 ]
[ 2 1 2 3 ]
[ 1 2 1 2 ]
[ 1 2 3 1 ]
], 0, 1, 2, 2, 11
[
[ 1 2 3 4 ]
[ 2 1 2 3 ]
[ 1 2 1 2 ]
[ 1 2 3 1 ]
], 0, 1, 2, 3, 20
[
[ 1 2 3 4 ]
[ 2 1 2 3 ]
[ 1 2 1 2 ]
[ 1 2 3 1 ]
], 0, 1, 3, 2, 16
[
[ 1 2 3 4 ]
[ 2 1 2 3 ]
[ 1 2 1 2 ]
[ 1 2 3 1 ]
], 0, 1, 3, 3, 26
[
[ 1 2 3 4 ]
[ 2 1 2 3 ]
[ 1 2 1 2 ]
[ 1 2 3 1 ]
], 0, 2, 1, 3, 12
[
[ 1 2 3 4 ]
[ 2 1 2 3 ]
[ 1 2 1 2 ]
[ 1 2 3 1 ]
], 0, 2, 2, 3, 15
[
[ 1 2 3 4 ]
[ 2 1 2 3 ]
[ 1 2 1 2 ]
[ 1 2 3 1 ]
], 0, 2, 3, 3, 19
[
[ 1 2 3 4 ]
[ 2 1 2 3 ]
[ 1 2 1 2 ]
[ 1 2 3 1 ]
], 1, 0, 2, 1, 6
[
[ 1 2 3 4 ]
[ 2 1 2 3 ]
[ 1 2 1 2 ]
[ 1 2 3 1 ]
], 1, 0, 2, 2, 9
[
[ 1 2 3 4 ]
[ 2 1 2 3 ]
[ 1 2 1 2 ]
[ 1 2 3 1 ]
], 1, 0, 2, 3, 14
[
[ 1 2 3 4 ]
[ 2 1 2 3 ]
[ 1 2 1 2 ]
[ 1 2 3 1 ]
], 1, 0, 3, 1, 9
[
[ 1 2 3 4 ]
[ 2 1 2 3 ]
[ 1 2 1 2 ]
[ 1 2 3 1 ]
], 1, 0, 3, 2, 15
[
[ 1 2 3 4 ]
[ 2 1 2 3 ]
[ 1 2 1 2 ]
[ 1 2 3 1 ]
], 1, 0, 3, 3, 21
[
[ 1 2 3 4 ]
[ 2 1 2 3 ]
[ 1 2 1 2 ]
[ 1 2 3 1 ]
], 1, 1, 2, 2, 6
[
[ 1 2 3 4 ]
[ 2 1 2 3 ]
[ 1 2 1 2 ]
[ 1 2 3 1 ]
], 1, 1, 2, 3, 11
[
[ 1 2 3 4 ]
[ 2 1 2 3 ]
[ 1 2 1 2 ]
[ 1 2 3 1 ]
], 1, 1, 3, 2, 11
[
[ 1 2 3 4 ]
[ 2 1 2 3 ]
[ 1 2 1 2 ]
[ 1 2 3 1 ]
], 1, 1, 3, 3, 17
[
[ 1 2 3 4 ]
[ 2 1 2 3 ]
[ 1 2 1 2 ]
[ 1 2 3 1 ]
], 1, 2, 2, 3, 8
[
[ 1 2 3 4 ]
[ 2 1 2 3 ]
[ 1 2 1 2 ]
[ 1 2 3 1 ]
], 1, 2, 3, 3, 12
[
[ 1 2 3 4 ]
[ 2 1 2 3 ]
[ 1 2 1 2 ]
[ 1 2 3 1 ]
], 2, 0, 3, 1, 6
[
[ 1 2 3 4 ]
[ 2 1 2 3 ]
[ 1 2 1 2 ]
[ 1 2 3 1 ]
], 2, 0, 3, 2, 10
[
[ 1 2 3 4 ]
[ 2 1 2 3 ]
[ 1 2 1 2 ]
[ 1 2 3 1 ]
], 2, 0, 3, 3, 13
[
[ 1 2 3 4 ]
[ 2 1 2 3 ]
[ 1 2 1 2 ]
[ 1 2 3 1 ]
], 2, 1, 3, 2, 8
[
[ 1 2 3 4 ]
[ 2 1 2 3 ]
[ 1 2 1 2 ]
[ 1 2 3 1 ]
], 2, 1, 3, 3, 11
[
[ 1 2 3 4 ]
[ 2 1 2 3 ]
[ 1 2 1 2 ]
[ 1 2 3 1 ]
], 2, 2, 3, 3, 7
[
[ -1 -2 3 5 ]
[ 1 2 4 6 ]
[ 2 3 5 8 ]
[ 3 7 8 9 ]
], 0, 0, 1, 1, 0
[
[ -1 -2 3 5 ]
[ 1 2 4 6 ]
[ 2 3 5 8 ]
[ 3 7 8 9 ]
], 0, 0, 1, 2, 7
[
[ -1 -2 3 5 ]
[ 1 2 4 6 ]
[ 2 3 5 8 ]
[ 3 7 8 9 ]
], 0, 0, 1, 3, 18
[
[ -1 -2 3 5 ]
[ 1 2 4 6 ]
[ 2 3 5 8 ]
[ 3 7 8 9 ]
], 0, 0, 2, 1, 5
[
[ -1 -2 3 5 ]
[ 1 2 4 6 ]
[ 2 3 5 8 ]
[ 3 7 8 9 ]
], 0, 0, 2, 2, 17
[
[ -1 -2 3 5 ]
[ 1 2 4 6 ]
[ 2 3 5 8 ]
[ 3 7 8 9 ]
], 0, 0, 2, 3, 36
[
[ -1 -2 3 5 ]
[ 1 2 4 6 ]
[ 2 3 5 8 ]
[ 3 7 8 9 ]
], 0, 0, 3, 1, 15
[
[ -1 -2 3 5 ]
[ 1 2 4 6 ]
[ 2 3 5 8 ]
[ 3 7 8 9 ]
], 0, 0, 3, 2, 35
[
[ -1 -2 3 5 ]
[ 1 2 4 6 ]
[ 2 3 5 8 ]
[ 3 7 8 9 ]
], 0, 0, 3, 3, 63
[
[ -1 -2 3 5 ]
[ 1 2 4 6 ]
[ 2 3 5 8 ]
[ 3 7 8 9 ]
], 0, 1, 1, 2, 7
[
[ -1 -2 3 5 ]
[ 1 2 4 6 ]
[ 2 3 5 8 ]
[ 3 7 8 9 ]
], 0, 1, 1, 3, 18
[
[ -1 -2 3 5 ]
[ 1 2 4 6 ]
[ 2 3 5 8 ]
[ 3 7 8 9 ]
], 0, 1, 2, 2, 15
[
[ -1 -2 3 5 ]
[ 1 2 4 6 ]
[ 2 3 5 8 ]
[ 3 7 8 9 ]
], 0, 1, 2, 3, 34
[
[ -1 -2 3 5 ]
[ 1 2 4 6 ]
[ 2 3 5 8 ]
[ 3 7 8 9 ]
], 0, 1, 3, 2, 30
[
[ -1 -2 3 5 ]
[ 1 2 4 6 ]
[ 2 3 5 8 ]
[ 3 7 8 9 ]
], 0, 1, 3, 3, 58
[
[ -1 -2 3 5 ]
[ 1 2 4 6 ]
[ 2 3 5 8 ]
[ 3 7 8 9 ]
], 0, 2, 1, 3, 18
[
[ -1 -2 3 5 ]
[ 1 2 4 6 ]
[ 2 3 5 8 ]
[ 3 7 8 9 ]
], 0, 2, 2, 3, 31
[
[ -1 -2 3 5 ]
[ 1 2 4 6 ]
[ 2 3 5 8 ]
[ 3 7 8 9 ]
], 0, 2, 3, 3, 48
[
[ -1 -2 3 5 ]
[ 1 2 4 6 ]
[ 2 3 5 8 ]
[ 3 7 8 9 ]
], 1, 0, 2, 1, 8
[
[ -1 -2 3 5 ]
[ 1 2 4 6 ]
[ 2 3 5 8 ]
[ 3 7 8 9 ]
], 1, 0, 2, 2, 17
[
[ -1 -2 3 5 ]
[ 1 2 4 6 ]
[ 2 3 5 8 ]
[ 3 7 8 9 ]
], 1, 0, 2, 3, 31
[
[ -1 -2 3 5 ]
[ 1 2 4 6 ]
[ 2 3 5 8 ]
[ 3 7 8 9 ]
], 1, 0, 3, 1, 18
[
[ -1 -2 3 5 ]
[ 1 2 4 6 ]
[ 2 3 5 8 ]
[ 3 7 8 9 ]
], 1, 0, 3, 2, 35
[
[ -1 -2 3 5 ]
[ 1 2 4 6 ]
[ 2 3 5 8 ]
[ 3 7 8 9 ]
], 1, 0, 3, 3, 58
[
[ -1 -2 3 5 ]
[ 1 2 4 6 ]
[ 2 3 5 8 ]
[ 3 7 8 9 ]
], 1, 1, 2, 2, 14
[
[ -1 -2 3 5 ]
[ 1 2 4 6 ]
[ 2 3 5 8 ]
[ 3 7 8 9 ]
], 1, 1, 2, 3, 28
[
[ -1 -2 3 5 ]
[ 1 2 4 6 ]
[ 2 3 5 8 ]
[ 3 7 8 9 ]
], 1, 1, 3, 2, 29
[
[ -1 -2 3 5 ]
[ 1 2 4 6 ]
[ 2 3 5 8 ]
[ 3 7 8 9 ]
], 1, 1, 3, 3, 52
[
[ -1 -2 3 5 ]
[ 1 2 4 6 ]
[ 2 3 5 8 ]
[ 3 7 8 9 ]
], 1, 2, 2, 3, 23
[
[ -1 -2 3 5 ]
[ 1 2 4 6 ]
[ 2 3 5 8 ]
[ 3 7 8 9 ]
], 1, 2, 3, 3, 40
[
[ -1 -2 3 5 ]
[ 1 2 4 6 ]
[ 2 3 5 8 ]
[ 3 7 8 9 ]
], 2, 0, 3, 1, 15
[
[ -1 -2 3 5 ]
[ 1 2 4 6 ]
[ 2 3 5 8 ]
[ 3 7 8 9 ]
], 2, 0, 3, 2, 28
[
[ -1 -2 3 5 ]
[ 1 2 4 6 ]
[ 2 3 5 8 ]
[ 3 7 8 9 ]
], 2, 0, 3, 3, 45
[
[ -1 -2 3 5 ]
[ 1 2 4 6 ]
[ 2 3 5 8 ]
[ 3 7 8 9 ]
], 2, 1, 3, 2, 23
[
[ -1 -2 3 5 ]
[ 1 2 4 6 ]
[ 2 3 5 8 ]
[ 3 7 8 9 ]
], 2, 1, 3, 3, 40
[
[ -1 -2 3 5 ]
[ 1 2 4 6 ]
[ 2 3 5 8 ]
[ 3 7 8 9 ]
], 2, 2, 3, 3, 30
[
[ -1 -2 ]
[ -3 -4 ]
], 0, 0, 1, 1, -10
[
[ -1 -2 ]
[ -4 -3 ]
], 0, 0, 1, 1, -10
[
], 0, 0, 1, 1, 0
[
[ -1 -2 -3 ]
[ -8 -9 -4 ]
[ -7 -6 -5 ]
], 0, 0, 1, 1, -20
[
[ -1 -2 -3 ]
[ -8 -9 -4 ]
[ -7 -6 -5 ]
], 0, 0, 1, 2, -27
[
[ -1 -2 -3 ]
[ -8 -9 -4 ]
[ -7 -6 -5 ]
], 0, 0, 2, 1, -33
[
[ -1 -2 -3 ]
[ -8 -9 -4 ]
[ -7 -6 -5 ]
], 0, 0, 2, 2, -45
[
[ -1 -2 -3 ]
[ -8 -9 -4 ]
[ -7 -6 -5 ]
], 0, 1, 1, 2, -18
[
[ -1 -2 -3 ]
[ -8 -9 -4 ]
[ -7 -6 -5 ]
], 0, 1, 2, 2, -29
[
[ -1 -2 -3 ]
[ -8 -9 -4 ]
[ -7 -6 -5 ]
], 1, 0, 2, 1, -30
[
[ -1 -2 -3 ]
[ -8 -9 -4 ]
[ -7 -6 -5 ]
], 1, 0, 2, 2, -39
[
[ -1 -2 -3 ]
[ -8 -9 -4 ]
[ -7 -6 -5 ]
], 1, 1, 2, 2, -24
