[2, 4, 7, 5, 4, 3, 5]
7
[10, 6, 8, 4, 2]
2
[8, 7, 6, 4]
0
[ ]
0
[ 8 ]
0
[1, 5, 2, 3, 7, 6, 4, 5]
9
[ 10 8 6 5 4 2 ]
0
[ 1 ]
0
[ 1 5 2 2 2 5 5 4 ]
7
[ 4 2 6 8 1 9 ]
14
[ 5 2 4 9 5 1 3 ]
9
[ 4 4 ]
0
[ 4 1 1 2 1 ]
1
[ 4 5 4 1 3 ]
3
[ 2 7 4 9 5 1 3 ]
10
[ 8 8 7 2 5 3 1 ]
3
[ 6 1 5 1 ]
4
[ 3 2 1 2 ]
1
[ 1 3 1 ]
2
[ 2 4 2 ]
2
[ 3 5 1 2 ]
3
[ 2 6 4 3 1 ]
4
[ 3 7 2 1 ]
4
[ 3 8 2 1 ]
5
[ 6 9 5 1 ]
3
[ 1 2 2 3 ]
2
[ 4 2 3 4 1 4 ]
5
[ 1 6 3 1 2 3 3 ]
7
[ 7 6 1 5 4 3 2 1 ]
4
[ 2 1 3 4 3 2 ]
3
[ 1 4 4 2 3 ]
4
[ 2 3 5 1 4 ]
6
[ 3 2 6 1 4 ]
7
[ 4 1 7 2 3 ]
7
[ 1 2 8 3 ]
7
[ 1 2 9 3 ]
8
[ 2 1 1 3 ]
2
[ 6 4 2 3 2 3 ]
2
[ 1 2 3 3 ]
2
[ 6 2 4 3 4 1 ]
3
[ 4 2 6 2 4 ]
6
[ 1 6 7 4 2 1 ]
6
[ 9 7 8 7 3 8 10 ]
8
[ 6 1 4 1 3 1 7 ]
9
[ 6 4 2 2 2 4 6 ]
4
[ 4 2 3 5 1 4 ]
6
[ 1 2 6 3 ]
5
[ 1 2 7 3 ]
6
[ 2 1 8 3 ]
7
[ 1 4 9 2 3 ]
9
[ 2 3 1 1 4 ]
4
[ 2 3 2 1 4 ]
4
[ 3 2 3 1 4 ]
4
[ 4 1 4 2 3 ]
4
[ 5 3 4 2 2 6 8 ]
7
[ 5 3 4 2 3 6 8 ]
7
[1, 3, 5, 7, 8, 5, 9, 15]
17
[ 1 2 3 7 5 6 6 4 8 ]
10
[1, 3, 2, 7, 5, 7, 6, 4, 8]
10
[9, 10, 11, 13, 15, 18, 21, 103, 13, 14, 16, 18, 21, 24, 106, 15, 17, 19, 22, 25, 107, 18, 20, 23, 26, 108, 22, 25, 28, 110, 27, 30, 112, 33, 115, 118]
200
