[3, 5, 8, 4, 5, 9, 10, 8, 5, 3, 4]
2
11
[1, 3, 2, 7, 5, 7, 6, 4, 8]
2
10
[4, 5, 4, 1, 3]
1
2
[2, 4, 7, 5, 4, 3, 5]
2
7
[1, 5, 2, 3, 7, 6, 4, 5]
3
10
[10, 6, 8, 4, 2]
2
2
[10, 8, 6, 5, 4, 2]
1
0
[ 1 ]
1
0
[]
1
0
[1, 5, 2, 2, 2, 5, 5, 4]
7
7
[5, 2, 4, 9, 5, 1, 3]
1
7
[ 2 4 7 5 4 3 5 ]
2
7
[ 1 5 2 3 7 6 4 5 ]
3
10
[ 10 6 8 4 2 ]
2
2
[ 10 8 6 5 4 2 ]
1
0
[ 1 ]
1
0
[ ]
1
0
[ 1 5 2 2 2 5 5 4 ]
7
7
[ 4 2 6 8 1 9 ]
3
14
[ 5 2 4 9 5 1 3 ]
1
7
[ 4 4 ]
1
0
[ 4 1 1 2 1 ]
2
1
[ 4 5 4 1 3 ]
1
2
[ 2 7 4 9 5 1 3 ]
6
12
[ 8 8 7 2 5 3 1 ]
2
3
[ 6 1 5 1 ]
0
0
[ 3 2 1 2 ]
3
1
[ 1 3 1 ]
1
2
[ 2 4 2 ]
1
2
[ 3 5 1 2 ]
2
3
[ 2 6 4 3 1 ]
0
0
[ 3 7 2 1 ]
3
4
[ 3 8 2 1 ]
3
5
[ 6 9 5 1 ]
1
3
[ 1 2 2 3 ]
3
2
[ 4 2 3 4 1 4 ]
4
5
[ 1 6 3 1 2 3 3 ]
5
7
[ 7 6 1 5 4 3 2 1 ]
6
4
[ 2 1 3 4 3 2 ]
0
0
[ 1 4 4 2 3 ]
3
4
[ 2 3 5 1 4 ]
1
3
[ 3 2 6 1 4 ]
4
7
[ 4 1 7 2 3 ]
0
0
[ 1 2 8 3 ]
2
7
[ 1 2 9 3 ]
2
8
[ 2 1 1 3 ]
3
2
[ 6 4 2 3 2 3 ]
4
2
[ 1 2 3 3 ]
1
2
[ 6 2 4 3 4 1 ]
3
3
[ 4 2 6 2 4 ]
3
6
[ 1 6 7 4 2 1 ]
5
6
[ 9 7 8 7 3 8 10 ]
4
8
[ 6 1 4 1 3 1 7 ]
5
11
[ 6 4 2 2 2 4 6 ]
6
4
[ 4 2 3 5 1 4 ]
1
3
[ 1 2 6 3 ]
2
5
[ 1 2 7 3 ]
3
6
[ 2 1 8 3 ]
3
7
[ 1 4 9 2 3 ]
2
9
[ 2 3 1 1 4 ]
0
0
[ 2 3 2 1 4 ]
4
4
[ 3 2 3 1 4 ]
2
4
[ 4 1 4 2 3 ]
0
0
[ 5 3 4 2 2 6 8 ]
5
7
[ 5 3 4 2 3 6 8 ]
2
7
[ 1 3 5 7 8 5 9 15 ]
7
17
[ 1 2 3 7 5 6 6 4 8 ]
3
11
[ 1 3 2 7 5 7 6 4 8 ]
2
10
[ 1 1 1 1 8 1 1 1 1 ]
3
7
[ 1 2 6 5 4 9 3 7 8 ]
7
15
[ 1 6 5 2 4 1 ]
4
7
[ 6 20 30 10 ]
2
24
[ 2 1 2 3 1 2 3 ]
5
4
[ 10 8 6 5 4 2 ]
4
0
[ 1 8 10 12 ]
3
11
[ 2 4 6 8 10 ]
1
8
[ 10 12 15 18 20 ]
2
10
[ 2 3 4 ]
2
2
[ 1 2 1 ]
2
1
[ 6 ]
0
0
[ 8 ]
0
0
[ 9 ]
0
0
[ 11 ]
0
0
[ 12 ]
0
0
[ 13 ]
0
0
[ 14 ]
0
0
[ 15 ]
0
0
[ 7 8 8 9 10 9 9 10 11 10 11 12 11 12 13 ]
1
6
[ 3 4 5 5 6 7 ]
1
4
[ 3 4 5 6 5 6 7 7 8 9 ]
5
7
[ 7 8 9 ]
0
0
[ 3 4 5 ]
2
2
[ 4 7 9 ]
1
5
[ 1 3 6 ]
1
5
[ 6 3 5 2 5 7 9 6 9 6 3 6 5 8 5 ]
3
15
[ 1 5 2 4 1 5 ]
5
10
[ 7 6 11 ]
0
0
[ 1 6 5 ]
2
5
[ 6 8 10 ]
0
0
[ 3 6 7 9 10 13 ]
0
0
[ 6 4 6 8 2 4 6 2 4 6 ]
2
8
[ 4 2 ]
0
0
[ 6 4 6 8 10 2 4 6 8 2 4 6 6 8 10 ]
9
20
[ 4 2 2 2 ]
3
0
[ 10 8 6 5 10 8 7 6 5 3 ]
4
5
[ 4 6 4 ]
0
0
[ 6 8 10 12 2 4 6 6 8 10 ]
9
14
[ 6 2 ]
0
0
[ 7 9 13 4 8 10 ]
2
12
[ 6 1 3 ]
1
2
[ 7 10 9 7 13 5 4 2 8 7 5 11 4 10 8 ]
10
27
[ 6 1 4 3 6 1 ]
5
6
[ 8 9 10 7 5 6 3 7 4 5 ]
6
8
[ 6 2 4 ]
1
2
[ 10 8 6 8 6 4 6 2 4 2 ]
2
4
[ 10 8 6 8 10 6 4 6 8 2 4 6 2 4 6 ]
4
16
[ 11 7 6 ]
0
0
[ 7 4 2 5 9 7 2 4 ]
0
0
[ 12 10 8 16 6 4 12 2 10 8 ]
6
24
[ 8 4 2 ]
0
0
[ 18 16 15 14 12 14 13 12 10 11 10 8 9 7 6 ]
7
4
[ 10 8 6 6 4 2 ]
4
0
[ 12 4 8 ]
1
4
[ 8 4 12 ]
1
8
[ 14 12 12 10 14 16 ]
0
0
[ 8 6 4 ]
0
0
[ 18 16 14 ]
0
0
[ 1 2 3 5 7 8 10 9 11 12 ]
6
12
[ 10 8 6 8 10 12 6 4 6 8 10 2 4 6 8 2 4 6 6 8 10 ]
0
0
[ 9 10 11 13 15 18 21 103 13 14 16 18 21 24 106 15 17 19 22 25 107 18 20 23 26 108 22 25 28 110 27 30 112 33 115 118 ]
26
627
[ 7 11 9 12 7 13 11 7 12 4 2 5 6 4 5 6 9 4 10 8 4 9 7 2 8 6 2 7 5 11 9 5 10 6 4 5 10 6 11 4 9 5 ]
37
76
[ 7 8 9 8 9 10 11 12 9 10 9 10 11 12 13 11 10 11 12 13 14 11 12 13 14 15 11 12 13 14 13 14 15 15 16 17 ]
20
26
[ 3 4 6 8 10 11 12 16 17 19 26 51 5 7 9 11 12 13 17 18 20 27 52 8 10 12 13 14 18 19 21 28 53 12 14 15 16 20 21 23 30 55 16 17 18 22 23 25 32 57 19 20 24 25 27 34 59 21 25 26 28 35 60 26 27 29 36 61 31 33 40 65 34 41 66 43 68 75 ]
18
436
[ 2 1 2 3 2 1 4 5 ]
1
4
[ 1 1 2 1 3 ]
3
3
[ 1 1 1 2 2 3 ]
2
2
[ 5 5 5 4 4 3 1 2 2 ]
6
1
[ 1 2 2 1 2 1 1 ]
5
2
[ 1 2 1 2 2 1 ]
2
2
[ 3 5 4 2 3 1 ]
3
3
[ 5 1 4 5 4 2 3 1 2 ]
0
0
[ 1 2 4 2 ]
1
3
[ 7 3 9 5 1 ]
1
6
[ 2 5 4 2 7 1 ]
5
8
[ 7 3 7 3 1 ]
2
4
[ 2 6 9 7 3 1 4 1 10 ]
1
9
[ 5 7 1 4 7 6 1 4 1 10 ]
9
20
[ 8 7 2 5 3 2 ]
1
3
[ 3 5 8 4 5 9 10 8 5 3 4 ]
2
11
[ 5 1 2 1 6 5 4 2 ]
3
6
[ 2 1 4 3 1 2 ]
2
4
[ 4 4 4 4 4 ]
3
0
[ 5 5 ]
0
0
[ 1 4 4 ]
0
0
[ 1 3 1 1 ]
1
2
[ 2 4 2 2 5 ]
4
5
[ 6 1 6 6 6 7 ]
1
6
[ 8 8 7 2 8 5 8 8 ]
1
6
[ 2 8 7 2 2 5 2 3 1 2 2 ]
3
10
[ 6 1 6 5 6 6 7 ]
4
7
[ 9 9 10 12 9 9 9 5 9 ]
7
7
[ 1 1 1 1 1 1 1 ]
2
0
[ 2 7 9 5 1 3 5 ]
0
0
[ 5 1 6 5 1 ]
4
5
[ 5 3 6 5 18 ]
3
16
[ 20 10 20 ]
2
10
[ 15 10 8 ]
2
0
[ 5 6 5 5 3 5 3 2 ]
2
3
[ 5 1 5 1 2 ]
1
4
[ 3 4 7 3 1 2 1 4 2 1 ]
9
8
[ 1 4 7 3 1 2 1 4 2 1 ]
5
10
[ 1 2 3 2 4 ]
1
3
[ 1 3 5 3 1 ]
0
0
[ 5 3 2 ]
1
0
[ 3 6 7 8 10 12 15 18 100 ]
5
97
[ 2 4 ]
0
0
[ 8 4 ]
1
0
[ 10 8 6 ]
2
0
[ 8 6 4 20 ]
2
16
[ 10 3 5 6 2 ]
1
3
[ 4 3 2 7 5 ]
3
5
[ 40 20 10 ]
2
0
[ 2 1 8 1 2 4 ]
5
10
[ 6 4 5 8 10 8 ]
3
6
[ 4 8 8 ]
2
4
[ 1 1 2 ]
1
1
[ 2 1 5 4 3 1 3 4 1 ]
6
7
[ 3 1 3 4 1 2 1 5 4 ]
5
8
[ 2 2 1 2 1 6 10 6 4 8 ]
5
14
[ 2 1 3 4 1 2 1 5 4 ]
4
8
[ 8 7 3 5 6 2 3 4 2 ]
1
3
[ 2 3 1 2 7 1 ]
2
7
[ 2 2 1 4 3 1 ]
4
3
[ 2 4 3 2 ]
3
2
[ 7 5 9 ]
1
4
[ 1 4 7 8 10 ]
3
9
[ 1 7 8 ]
1
7
[ 1 4 7 ]
2
6
[ 7 9 ]
0
0
[ 1 3 5 ]
0
0
[ 2 4 6 ]
1
4
[ 10 8 7 4 1 ]
1
0
[ 8 7 1 ]
1
0
[ 7 4 1 ]
1
0
[ 7 ]
0
0
[ 9 7 ]
0
0
[ 5 3 1 ]
0
0
[ 2 3 5 6 ]
2
4
[ 10 5 2 ]
2
0
[ 2 3 5 ]
2
3
[ 10 7 6 ]
1
0
[ 1 3 5 4 8 2 4 3 6 5 ]
2
11
[ 1 1 1 1 2 ]
4
1
[ 1 2 3 1 2 1 ]
1
2
[ 5 4 5 5 3 1 2 2 4 ]
3
4
[ 3 2 6 3 5 9 3 4 1 8 2 ]
7
18
[ 3 2 ]
1
0
[ 5 2 6 8 1 9 ]
2
14
[ 80 70 20 60 ]
1
40
[ 7 2 5 2 1 ]
4
3
[ 2 5 3 1 ]
3
3
[ 1 1 2 2 ]
0
0
[ 4 5 ]
1
1
[ 6 4 ]
1
0
[ 1 2 6 10 18 54 ]
4
53
[ 2 8 10 15 16 30 32 64 ]
7
62
[ 1 2 6 18 36 54 ]
0
0
[ 1 2 4 16 ]
2
15
[ 1 2 3 6 18 22 ]
3
21
[ 5 8 9 11 12 15 ]
1
10
[ 1 3 5 6 8 9 15 ]
2
14
[ 2 4 6 8 ]
3
6
[ 1 2 4 5 7 8 9 ]
0
0
[ 5 10 20 40 80 ]
2
75
[ 6 4 2 ]
0
0
[ 10 4 2 5 6 3 8 1 ]
1
6
[ 3 4 10 1 6 9 2 12 ]
0
0
[ 6 8 2 3 4 1 ]
0
0
[ 1 6 3 4 5 ]
4
7
[ 6 4 3 2 3 ]
1
1
[ 6 5 2 4 1 ]
2
2
[ 1 3 5 7 8 9 15 ]
5
14
[ 3 4 7 3 1 3 1 4 2 ]
8
9
[ 8 7 2 5 3 1 ]
4
3
[ 2 1 3 ]
1
2
[ 1 4 2 3 ]
0
0
[ 2 3 1 4 ]
0
0
[ 3 2 1 4 ]
1
3
[ 4 1 2 3 ]
3
2
[ 1 2 3 4 5 6 ]
2
5
[ 3 2 1 ]
2
0
[ 4 3 2 1 ]
1
0
[ 5 4 3 2 1 ]
3
0
[ 6 5 4 3 2 1 ]
2
0
[ 9 6 8 3 7 ]
1
4
[ 6 9 2 5 1 4 ]
4
9
[ 3 5 8 4 9 10 ]
2
11
[ 10 ]
0
0
[ 5 3 4 2 6 8 ]
4
7
[ 20 30 10 ]
0
0
[ 10 20 ]
1
10
[ 1 2 3 4 5 6 7 8 9 10 ]
8
9
[ 1 2 3 4 5 6 7 8 ]
4
7
[ 2 ]
0
0
[ 3 ]
0
0
[ 4 ]
0
0
[ 5 ]
0
0
[ 2 2 1 ]
0
0
[ 1 2 3 7 5 6 4 8 ]
7
11
[ 1 3 2 7 5 6 4 8 ]
0
0
[ 1 2 3 4 5 ]
2
4
[ 1 1 1 1 1 1 1 1 ]
7
0
[ 1 1 1 1 1 1 ]
5
0
[ 1 1 1 1 1 ]
3
0
[ 1 7 6 5 4 3 2 8 ]
1
7
[ 1 2 6 5 4 3 7 8 ]
4
10
[ 1 2 3 5 4 6 7 8 ]
2
8
[ 8 7 6 5 4 3 2 1 ]
1
0
[ 8 7 6 4 3 5 2 1 ]
1
2
[ 8 7 3 5 4 6 2 1 ]
4
4
[ 8 2 3 5 4 6 7 1 ]
7
6
[ 4 3 2 1 4 6 ]
1
5
[ 9 3 5 2 8 6 ]
0
0
[ 9 3 5 2 8 6 1 3 ]
5
10
[ 1 2 3 4 5 6 7 ]
2
6
[ 7 6 5 4 3 2 1 ]
0
0
[ 5 1 2 1 6 5 4 ]
0
0
[ 1 3 5 7 9 ]
4
8
[ 2 4 3 1 ]
1
2
[ 5 1 2 1 6 5 8 7 ]
2
8
[ 2 3 4 2 7 1 ]
4
7
[ 4 3 2 ]
2
0
[ 2 1 4 3 2 ]
3
3
[ 3 8 6 7 5 9 ]
0
0
[ 3 5 6 9 8 7 ]
4
6
[ 3 5 7 6 8 9 ]
2
7
[ 3 5 6 7 8 9 ]
3
6
[ 9 5 6 7 8 3 ]
5
3
[ 1 2 3 5 4 ]
1
4
[ 9 7 7 3 8 10 ]
3
7
[ 10 8 7 3 7 9 ]
1
6
[ 8 9 7 3 7 10 ]
4
8
[ 2 1 ]
1
0
[ 3 1 2 ]
1
1
[ 5 3 2 4 ]
1
2
[ 1 3 2 5 ]
0
0
[ 1 1 1 1 ]
0
0
[ 1 1 1 ]
0
0
[ 7 4 2 5 6 4 5 ]
6
5
[ 1 5 2 3 7 6 4 5 ]
4
10
[ 6 1 3 7 ]
1
6
[ 6 2 3 4 1 ]
2
2
[ 1 6 4 2 1 ]
0
0
[ 2 2 ]
1
0
[ 4 2 2 4 ]
0
0
[ 6 4 2 2 4 6 ]
0
0
[ 6 4 2 2 ]
1
0
[ 4 2 2 4 6 ]
2
4
[ 6 4 2 2 4 ]
1
2
[ 6 2 4 6 ]
3
4
[ 8 4 2 8 ]
3
6
[ 4 7 1 2 1 ]
2
4
[ 6 1 4 3 1 7 ]
3
9
[ 1 3 3 1 ]
2
2
[ 1 1 ]
1
0
[ 6 5 1 ]
2
0
[ 1 2 3 4 ]
3
3
[ 4 6 4 2 1 ]
4
2
[ 4 2 1 2 3 ]
0
0
[ 4 2 3 1 4 ]
1
3
[ 3 4 7 3 1 3 1 4 2 2 ]
0
0
[ 1 2 3 1 2 3 ]
1
2
[ 1 ]
0
0
[ 1 2 ]
1
1
[ 1 2 3 ]
0
0
[ 2 3 ]
0
0
[ 1 4 5 ]
0
0
[ 1 5 2 2 2 5 5 4 ]
2
7
[ 4 2 6 8 1 9 ]
4
14
[ 5 2 4 9 5 1 3 ]
3
9
[ 4 4 ]
1
0
[ 4 1 1 2 1 ]
3
1
[ 4 5 4 1 3 ]
2
3
[ 2 7 4 9 5 1 3 ]
3
12
[ 8 8 7 2 5 3 1 ]
2
3
[ 6 1 5 1 ]
2
4
[ 3 2 1 2 ]
1
1
[ 1 3 1 ]
1
2
[ 2 4 2 ]
1
2
[ 3 5 1 2 ]
1
2
[ 2 6 4 3 1 ]
1
4
[ 3 7 2 1 ]
3
4
[ 3 8 2 1 ]
1
5
[ 6 9 5 1 ]
1
3
[ 1 2 2 3 ]
1
2
[ 4 2 3 4 1 4 ]
2
5
[ 1 6 3 1 2 3 3 ]
6
7
[ 7 6 1 5 4 3 2 1 ]
2
4
[ 2 1 3 4 3 2 ]
1
3
[ 1 4 4 2 3 ]
2
4
[ 2 3 5 1 4 ]
3
6
[ 3 2 6 1 4 ]
4
7
[ 4 1 7 2 3 ]
1
6
[ 1 2 8 3 ]
2
7
[ 1 2 9 3 ]
1
8
[ 2 1 1 3 ]
3
2
[ 6 4 2 3 2 3 ]
3
2
[ 1 2 3 3 ]
1
2
[ 6 2 4 3 4 1 ]
2
3
[ 4 2 6 2 4 ]
1
4
[ 1 6 7 4 2 1 ]
4
6
[ 9 7 8 7 3 8 10 ]
3
8
[ 6 1 4 1 3 1 7 ]
6
11
[ 6 4 2 2 2 4 6 ]
1
4
[ 4 2 3 5 1 4 ]
3
6
[ 1 2 6 3 ]
1
5
[ 1 2 7 3 ]
3
6
[ 2 1 8 3 ]
2
7
[ 1 4 9 2 3 ]
1
8
[ 2 3 1 1 4 ]
3
4
[ 2 3 2 1 4 ]
3
4
[ 3 2 3 1 4 ]
1
3
[ 4 1 4 2 3 ]
1
3
[ 5 3 4 2 2 6 8 ]
3
7
[ 5 3 4 2 3 6 8 ]
5
7
[ 1 3 5 7 8 5 9 15 ]
4
17
[1, 2, 3, 7, 5, 6, 6, 4, 8]
1
7
