[1, 8, 10, 12]
[2, 4, 9, 15]
11
{
(1, 9)
}
[2, 4, 6, 8, 10]
[1, 3, 5, 7, 9]
4
{
(2, 1)
(2, 3)
}
[1, 2, 3]
[]
4
{
(-1, -1)
}
[1, 3, 5, 7, 9],
[2, 4, 6, 8, 10],
20
{
(9, 10)
}
[ 1 3 5 7 9 ]
[ 2 4 6 8 10 ]
-1
{
(1,2)
}
[ 2 4 6 8 10 ]
[ 1 3 5 7 9 ]
-1
{
(2,1)
}
[ ]
[ 1 3 5 7 9 ]
1
{
    (-1,-1)
}
[ 2 4 6 8 10 ]
[ ]
2
{
    (-1,-1)
}
[ 2 ]
[ 1 ]
1
{
    (2,1)
}
[ ]
[ ]
1
{
    (-1,-1)
}
[ 2 4 6 8 10 ]
[ 1 3 5 7 9 ]
-1
{
    (2,1)
}
[ 2 4 6 8 10 ]
[ 1 3 5 7 9 ]
0
{
    (2,1)
}
[ 2 4 6 8 10 ]
[ 1 3 5 7 9 ]
1
{
    (2,1)
}
[ 2 4 6 8 10 ]
[ 1 3 5 7 9 ]
2
{
    (2,1)
}
[ 2 4 6 8 10 ]
[ 1 3 5 7 9 ]
3
{
    (2,1)
}
[ 2 4 6 8 10 ]
[ 1 3 5 7 9 ]
5
{
    (2,3)
}
[ 2 4 6 8 10 ]
[ 1 3 5 7 9 ]
7
{
(2,5)
}
[ 2 4 6 8 10 ]
[ 1 3 5 7 9 ]
9
{
(2,7)
}
[ 2 4 6 8 10 ]
[ 1 3 5 7 9 ]
11
{
(2,9)
}
[ 2 4 6 8 10 ]
[ 1 3 5 7 9 ]
12
{
(2,9)
}
[ 2 4 6 8 10 ]
[ 1 3 5 7 9 ]
13
{
(4,9)
}
[ 2 4 6 8 10 ]
[ 1 3 5 7 9 ]
14
{
(4,9)
}
[ 2 4 6 8 10 ]
[ 1 3 5 7 9 ]
15
{
(6,9)
}
[ 2 4 6 8 10 ]
[ 1 3 5 7 9 ]
16
{
(6,9)
}
[ 2 4 6 8 10 ]
[ 1 3 5 7 9 ]
17
{
(8,9)
}
[ 2 4 6 8 10 ]
[ 1 3 5 7 9 ]
18
{
(8,9)
}
[ 2 4 6 8 10 ]
[ 1 3 5 7 9 ]
19
{
(10,9)
}
[ 2 4 6 8 10 ]
[ 1 3 5 7 9 ]
20
{
(10,9)
}
[ 10 12 15 18 20 ]
[ 1 4 6 8 ]
-1
{
(10,1)
}
[ 10 12 15 18 20 ]
[ 1 4 6 8 ]
0
{
(10,1)
}
[ 10 12 15 18 20 ]
[ 1 4 6 8 ]
1
{
(10,1)
}
[ 10 12 15 18 20 ]
[ 1 4 6 8 ]
2
{
(10,1)
}
[ 10 12 15 18 20 ]
[ 1 4 6 8 ]
3
{
(10,1)
}
[ 10 12 15 18 20 ]
[ 1 4 6 8 ]
4
{
(10,1)
}
[ 10 12 15 18 20 ]
[ 1 4 6 8 ]
5
{
(10,1)
}
[ 10 12 15 18 20 ]
[ 1 4 6 8 ]
6
{
(10,1)
}
[ 10 12 15 18 20 ]
[ 1 4 6 8 ]
7
{
(10,1)
}
[ 10 12 15 18 20 ]
[ 1 4 6 8 ]
8
{
(10,1)
}
[ 10 12 15 18 20 ]
[ 1 4 6 8 ]
9
{
(10,1)
}
[ 10 12 15 18 20 ]
[ 1 4 6 8 ]
10
{
(10,1)
}
[ 10 12 15 18 20 ]
[ 1 4 6 8 ]
11
{
(10,1)
}
[ 10 12 15 18 20 ]
[ 1 4 6 8 ]
12
{
(10,1)
}
[10, 12, 15, 18, 20],
[1, 4, 6, 8]
13
{
(12, 1)
}
