[1, 3, 5, 7], 8, 6
[1, 2, 3], 4, 4
[ 1 3 5 7 ], 15, 19
[ 1 3 5 7 ], 18, 27
[ 2 4 6 8 ], 15, 0
[ 7 3 2 5 8 ], 14, 11
[3, 1, 1, 2, 2, 1], 9, 342
[ 1 3 5 7 ], 8, 6
[ 1 2 3 ], 4, 4
[ 1 3 5 7 ], 15, 19
[ 1 3 5 7 ], 18, 27
[ 2 4 6 8 ], 15, 0
[ 7 3 2 5 8 ], 14, 11
[ 3 1 1 2 2 1 ], 9, 342
[ 5 3 2 4 1 9 5 1 ], 6, 31
[ 2 6 9 7 1 1 3 4 1 10 ], 30, 59360
[ 2 4 5 7 1 9 1 3 ], 12, 223
[ 7 9 2 4 1 5 1 3 ], 31, 11413
[ 7 9 3 2 4 1 5 1 ], 22, 2366
[ 2 7 9 3 4 1 5 1 ], 9, 88
[ 8 2 3 8 7 5 1 ], 26, 562
[ 3 1 2 5 1 ], 4, 11
[ 1 2 3 2 ], 3, 4
[ 4 3 6 2 2 3 ], 5, 4
[ 9 7 8 7 8 3 10 ], 10, 3
[ 4 2 4 3 5 1 1 ], 13, 358
[ 1 2 1 2 2 3 3 ], 12, 811
[ 2 4 2 1 2 1 ], 2, 6
[ 2 2 2 2 2 2 8 7 5 3 1 ], 33, 468778
[ 4 5 4 7 1 2 1 6 1 5 ], 14, 1637
[ 4 1 7 6 1 3 ], 8, 31
[ 3 1 3 1 ], 1, 2
[ 1 2 6 4 1 ], 12, 105
[ 5 3 3 1 2 1 4 1 4 ], 7, 160
[ 3 3 1 5 1 4 2 1 4 ], 22, 25907
[ 2 1 10 8 2 2 1 6 6 4 ], 30, 50810
[ 7 3 2 4 8 5 6 3 2 ], 2, 2
[ 5 1 1 8 1 2 6 5 7 ], 11, 383
[ 2 1 7 1 3 2 ], 1, 2
[ 3 2 3 9 1 8 6 5 3 4 2 ], 3, 6
[ 7 4 2 3 4 3 1 3 1 ], 26, 22621
[ 3 2 8 5 4 6 ], 12, 16
[ 4 3 1 2 4 6 ], 6, 12
[ 5 5 1 2 1 6 4 ], 7, 36
[ 2 4 1 3 ], 2, 2
[ 2 3 2 1 4 ], 3, 4
[ 8 7 9 10 3 7 ], 23, 13
[ 2 4 9 5 1 5 1 3 ], 1, 2
[ 9 5 1 3 2 7 4 1 ], 21, 1936
[ 3 4 1 10 2 6 1 9 7 1 ], 9, 255
[ 8 2 3 7 5 1 ], 23, 271
[ 2 7 4 9 5 1 3 1 ], 22, 2366
[ 7 9 1 3 2 4 1 5 ], 12, 223
[ 2 4 5 1 3 7 1 9 ], 22, 2366
[ 2 4 5 1 7 1 9 3 ], 26, 4988
[ 4 5 1 2 7 1 9 3 ], 9, 88
[ 8 7 5 1 8 2 3 ], 10, 27
[ 5 3 1 2 1 ], 7, 35
[ 6 3 2 4 1 ], 15, 75
[ 2 1 2 3 ], 7, 17
[ 2 3 5 1 4 1 ], 1, 2
[ 4 1 7 2 3 1 ], 8, 55
[ 3 1 2 1 1 ], 6, 64
[ 6 2 2 3 4 3 ], 6, 10
[ 3 5 1 4 2 1 4 ], 17, 986
[ 1 2 7 3 1 ], 8, 43
[ 2 3 3 1 2 1 2 ], 8, 183
[ 4 2 2 1 1 2 ], 5, 32
[ 7 4 2 5 9 7 2 4 1 1 ], 22, 6373
[ 5 3 1 1 3 4 2 1 ], 9, 348
[ 3 4 2 1 5 3 1 1 ], 2, 7
[ 2 6 9 7 3 1 4 1 10 1 ], 15, 1868
[ 8 7 5 3 1 2 2 2 2 2 2 ], 3, 8
[ 5 1 1 2 5 ], 4, 9
[ 3 4 3 1 2 1 7 4 2 1 ], 8, 377
[ 1 4 3 1 2 1 7 4 2 1 ], 8, 734
[ 1 2 2 4 3 ], 11, 66
[ 5 5 1 1 2 ], 3, 6
[ 7 4 2 1 3 4 3 1 2 1 ], 10, 950
[ 7 4 2 1 1 4 3 1 2 1 ], 15, 14251
[ 3 1 2 2 4 ], 10, 55
[ 5 6 10 3 2 ], 18, 21
[ 10 3 2 5 6 ], 19, 20
[ 2 1 2 4 1 8 ], 12, 225
[ 6 5 10 4 8 1 8 ], 16, 36
[ 4 8 8 6 5 10 1 ], 28, 215
[ 7 2 6 5 1 4 5 1 4 1 ], 16, 3034
[ 6 1 3 4 1 7 ], 8, 31
[ 6 4 1 1 2 ], 5, 14
[ 2 4 1 6 3 ], 9, 21
[ 2 1 4 1 4 5 3 3 1 ], 6, 96
[ 1 4 2 1 4 3 3 1 5 ], 22, 25907
[ 2 2 1 6 6 4 2 1 10 8 ], 8, 139
[ 8 5 6 3 2 7 3 2 4 ], 17, 236
[ 2 6 5 7 5 1 1 1 8 ], 13, 717
[ 3 2 2 1 7 1 ], 1, 2
[ 2 3 5 1 1 1 1 ], 13, 2586
[ 6 5 3 4 2 3 2 3 9 1 8 ], 41, 266240
[ 1 2 1 2 ], 4, 14
[ 1 6 3 4 5 1 1 1 ], 2, 10
[ 1 2 3 1 1 1 1 ], 2, 16
[ 1 2 3 1 1 ], 5, 41
[ 6 2 3 4 3 ], 11, 12
[ 6 2 1 5 4 ], 7, 9
[ 3 4 3 1 3 1 7 4 2 ], 23, 11761
[ 7 5 1 8 2 3 ], 16, 87
[ 2 1 6 5 8 7 5 1 1 ], 9, 192
[ 2 4 6 4 3 1 ], 14, 104
[ 5 1 2 1 6 4 5 ], 23, 1898
[ 3 2 4 1 ], 5, 6
[ 1 4 2 3 2 ], 11, 66
[ 7 3 10 9 7 8 ], 31, 31
[ 10 3 7 8 7 9 ], 33, 36
[ 7 4 2 5 6 4 5 1 1 1 ], 24, 24369
[ 6 1 1 7 4 3 ], 14, 138
[ 1 2 3 4 2 ], 8, 32
[ 4 3 6 1 1 7 ], 3, 5
[ 3 1 2 4 ], 8, 15
[ 3 4 3 1 3 1 7 4 2 2 ], 11, 690
[ 1 2 1 2 3 3 ], 5, 30
[ 3 4 7 3 1 3 1 4 2 2 ], 20, 13230
[ 7 4 2 2 3 4 3 1 3 1 ], 13, 1470
[ 3 3 1 2 1 2 ], 11, 302
[ 3 1 2 ], 2, 2
[ 7 8 3 10 9 7 8 ], 34, 66
[ 1 4 9 2 3 1 ], 16, 397
[ 2 3 1 1 4 1 ], 10, 327
[ 3 2 3 1 4 1 ], 7, 52
[ 1 1 1 1 8 1 1 1 1 1 1 ], 3, 220
[ 1 2 1 2 2 1 1 1 1 ], 2, 24
[ 3 5 2 4 ], 9, 5
[ 1 1 7 7 1 9 9 1 ], 1, 4
[ 1 3 3 3 2 ], 7, 19
[ 1 2 1 4 4 ], 2, 4
[ 1 7 6 6 5 4 3 2 ], 33, 4511
[ 1 1 2 2 3 1 ], 5, 58
[ 1 1 2 1 1 2 ], 4, 58
[ 1 9 7 9 7 9 8 ], 14, 10
[ 1 1 1 1 1 1 2 4 ], 6, 632
[ 1 1 1 4 1 2 ], 9, 504
[ 1 1 3 5 7 3 5 9 ], 23, 1819
[ 1 1 2 2 2 4 2 3 7 ], 14, 2760
[ 1 1 1 2 2 1 2 ], 1, 4
[ 1 3 4 ], 1, 1
[ 1 3 6 7 9 10 ], 32, 206
[ 1 1 4 6 1 2 4 1 2 4 ], 17, 25116
[ 1 1 1 1 5 5 5 5 1 1 ], 2, 21
[ 1 6 8 10 1 2 4 4 6 8 ], 18, 1028
[ 1 7 9 1 4 8 ], 4, 6
[ 1 1 1 1 3 1 ], 4, 75
[ 1 8 9 1 1 5 1 3 3 4 ], 32, 319767
[ 1 1 1 8 1 1 4 1 2 2 ], 8, 2851
[ 1 1 1 2 1 1 1 4 ], 7, 1168
[ 1 2 2 1 1 2 1 2 2 1 1 ], 7, 3102
[ 1 3 6 7 8 10 12 15 18 ], 46, 1652
[ 1 1 1 4 1 5 1 5 4 1 ], 7, 946
[ 1 1 1 4 4 1 ], 10, 484
[ 6 5 1 ], 11, 5
[ 1 2 1 3 3 1 1 1 5 ], 3, 42
[ 1 5 1 1 5 1 1 1 8 ], 18, 58401
[ 1 2 2 1 1 7 ], 12, 638
[ 1 8 7 ], 7, 2
[ 1 1 1 2 3 1 1 ], 8, 973
[ 1 1 4 4 1 1 1 1 2 ], 10, 6186
[ 1 1 2 6 10 18 ], 20, 264
[ 1 2 8 10 15 16 30 32 ], 97, 9002
[ 1 2 3 6 18 22 ], 7, 9
[ 1 5 8 9 11 12 ], 26, 42
[ 1 2 4 5 7 8 9 ], 22, 232
[ 1 1 2 4 5 7 8 ], 19, 659
[ 1 3 5 7 8 9 15 ], 24, 116
[ 1 1 3 5 7 8 9 ], 12, 75
[ 1 2 1 1 1 ], 3, 24
[ 1 1 6 1 3 ], 1, 3
[ 1 6 1 2 1 1 ], 2, 11
[ 1 5 1 1 1 1 1 1 ], 4, 210
[ 1 1 1 4 3 ], 3, 11
[ 1 1 2 3 3 5 3 4 ], 3, 9
[ 1 1 1 2 2 5 2 4 ], 4, 40
[ 1 1 2 2 2 2 3 7 ], 17, 5095
[ 1 4 3 3 1 4 ], 9, 70
[ 1 1 3 3 1 8 6 1 ], 5, 76
[ 5 1 2 1 6 5 4 ], 4, 10
[ 1 1 1 2 1 1 1 8 ], 6, 610
[ 1 2 1 1 3 ], 1, 3
[ 3 8 6 7 5 9 ], 14, 6
[ 3 5 6 9 8 7 ], 17, 9
[ 3 5 7 6 8 9 ], 12, 5
[ 1 3 5 5 6 8 ], 6, 6
[ 3 5 6 7 8 9 ], 9, 3
[ 1 3 5 6 7 8 ], 27, 198
[ 9 5 6 7 8 3 ], 16, 7
[ 1 1 2 3 3 ], 8, 61
[ 10 8 7 3 7 9 ], 30, 28
[ 8 9 7 3 7 10 ], 26, 17
[ 1 1 9 7 3 7 ], 27, 661
[ 1 1 1 2 3 3 3 4 ], 7, 170
[ 1 1 1 3 ], 3, 11
[ 1 4 1 1 1 ], 2, 10
[ 1 1 1 1 2 4 ], 6, 141
[ 1 1 5 5 5 1 1 5 ], 17, 4360
[ 4 2 6 8 1 9 ], 19, 90
[ 1 4 1 1 8 1 ], 11, 524
[ 5 2 4 1 9 5 1 3 ], 28, 8518
[ 1 2 2 1 1 9 5 5 ], 8, 207
[ 1 2 1 1 1 1 3 1 4 1 ], 12, 44262
[ 1 1 7 7 5 3 ], 21, 399
[ 1 2 2 1 1 1 1 1 ], 7, 1488
[ 1 2 1 4 1 1 5 5 ], 2, 11
[ 2 7 4 1 9 5 1 3 ], 29, 8297
[ 1 2 1 4 1 1 5 1 ], 4, 87
[ 8 8 7 2 5 3 1 ], 6, 8
[ 1 1 4 4 ], 8, 22
[ 3 5 1 2 1 ], 3, 7
[ 2 6 4 3 1 ], 12, 44
[ 1 1 6 3 1 6 6 ], 9, 127
[ 2 3 5 1 1 4 ], 11, 150
[ 4 1 7 1 2 3 ], 13, 221
[ 1 3 1 1 2 ], 7, 95
[ 2 1 1 1 3 ], 2, 7
[ 6 4 2 3 2 3 ], 12, 49
[ 6 2 4 3 4 1 ], 1, 1
[ 9 7 8 7 3 8 10 ], 49, 266
[ 4 2 3 5 1 1 4 ], 14, 470
[ 1 1 4 9 2 3 ], 3, 7
[ 1 1 1 1 9 9 ], 4, 35
[ 1 2 3 1 1 4 ], 6, 71
[ 1 1 1 3 3 1 ], 9, 452
[ 1 2 1 3 2 1 ], 6, 97
[ 3 1 2 3 1 4 ], 10, 146
[ 1 3 3 1 3 1 ], 5, 39
[ 1 1 3 1 1 3 6 ], 14, 2494
[ 1 2 3 7 5 6 6 4 8 ], 24, 1289
[ 1 1 1 1 7 7 7 6 1 ], 8, 525
[ 1 1 3 1 7 1 7 6 1 ], 16, 12151
[ 1 1 1 1 1 8 1 1 1 1 1 ], 4, 715
[ 1 1 1 6 5 1 9 9 9 ], 18, 3580
[ 1 1 6 6 2 2 ], 13, 254
[ 1 1 20 20 ], 40, 86
[ 1 2 1 1 3 1 1 ], 3, 41
[ 1 10 8 6 5 4 ], 14, 20
[ 3 4 5 5 6 7 ], 20, 32
[ 3 4 5 6 5 6 7 7 8 9 ], 50, 8028
[ 4 2 1 2 1 2 ], 2, 6
[ 1 4 2 4 2 1 ], 6, 40
[ 10 8 6 5 10 8 7 6 5 3 ], 36, 672
[ 6 8 10 12 2 4 6 6 8 10 ], 66, 41504
[ 1 1 1 1 12 12 12 12 12 12 ], 60, 577962
[ 1 6 6 4 1 6 ], 4, 6
[ 8 9 10 7 5 6 3 7 4 5 ], 50, 5893
[ 6 2 4 ], 8, 4
[ 1 6 4 2 1 2 ], 6, 36
[ 7 1 4 2 5 9 7 2 1 4 ], 13, 570
[ 1 7 7 4 7 1 9 7 2 7 ], 1, 2
[ 1 12 10 1 16 6 16 12 12 10 ], 54, 8629
[ 10 8 6 6 4 2 ], 6, 4
[ 12 4 8 ], 8, 2
[ 1 2 3 5 7 8 10 9 11 12 ], 42, 8392
[ 1 2 1 1 3 2 1 1 ], 1, 5
[ 1 1 1 5 5 4 3 3 3 ], 19, 8028
[ 1 1 1 1 2 1 1 1 2 2 2 1 ], 13, 422968
[ 1 1 2 1 1 2 1 2 1 ], 6, 976
[ 1 1 1 5 5 5 3 1 ], 4, 39
[ 1 1 5 5 1 7 ], 15, 403
[ 1 3 5 4 2 3 1 1 ], 16, 3704
[ 1 1 3 1 4 2 2 2 ], 3, 20
[ 2 6 1 9 7 3 1 4 1 10 ], 28, 40437
[ 1 1 6 1 9 7 3 7 4 1 ], 34, 260377
[ 1 1 5 5 1 1 7 6 6 4 1 ], 31, 788786
[ 1 2 1 4 3 3 ], 1, 2
[ 3 5 8 4 5 9 10 8 5 3 4 ], 4, 2
[ 1 1 1 1 2 1 6 5 4 ], 16, 21799
[ 1 1 8 7 7 7 5 5 3 3 3 ], 16, 960
[ 1 1 1 1 5 5 6 ], 16, 2401
[ 1 1 1 1 2 2 5 5 ], 2, 12
[ 2 8 7 2 2 5 2 3 1 2 2 ], 18, 11154
[ 1 1 8 7 7 7 5 5 3 1 1 ], 38, 714777
[ 1 1 9 10 1 1 1 1 5 ], 10, 3263
[ 2 7 9 5 1 3 5 ], 15, 100
[ 1 1 6 6 5 6 5 3 3 ], 23, 3130
[ 3 4 7 3 1 2 1 4 2 1 ], 7, 226
[ 1 3 1 7 7 1 7 7 4 2 ], 26, 31247
[ 1 4 7 3 1 2 1 4 2 1 ], 7, 429
[ 1 1 1 7 7 1 7 7 4 2 ], 35, 442192
[ 1 1 1 3 2 ], 4, 25
[ 10 3 5 6 2 ], 12, 9
[ 1 10 3 5 3 ], 7, 7
[ 1 4 4 2 1 ], 8, 46
[ 1 2 1 2 1 1 ], 7, 308
[ 1 6 6 5 1 10 1 ], 2, 6
[ 2 1 8 1 2 4 ], 15, 448
[ 6 4 5 8 10 1 8 ], 7, 4
[ 1 1 4 1 8 8 1 ], 14, 1248
[ 7 1 4 2 5 1 6 4 1 5 ], 22, 15178
[ 6 1 4 3 1 7 ], 7, 23
[ 1 6 1 6 3 1 ], 16, 672
[ 1 6 4 2 1 ], 4, 10
[ 1 1 6 4 4 ], 7, 18
[ 6 2 3 4 1 ], 10, 28
[ 2 2 1 2 1 6 10 6 4 8 ], 37, 172276
[ 1 1 1 1 4 4 2 1 1 ], 2, 22
[ 8 7 3 5 6 2 3 4 2 ], 15, 143
[ 1 1 3 3 1 7 ], 14, 601
[ 2 3 1 2 7 1 ], 2, 5
[ 1 1 3 3 2 2 ], 10, 221
[ 10 8 7 4 1 ], 15, 13
[ 1 1 2 1 3 1 1 6 6 ], 1, 5
[ 1 1 2 3 5 1 1 ], 9, 625
[ 3 2 6 3 5 9 3 4 1 8 2 ], 32, 53354
[ 1 1 5 3 ], 9, 29
[ 1 1 1 2 2 1 ], 1, 4
[ 1 1 2 6 1 1 ], 1, 4
[ 1 1 2 2 2 ], 6, 50
[ 1 1 1 1 1 1 1 1 ], 2, 36
[ 2 4 6 8 ], 10, 6
[ 1 1 1 2 5 2 3 1 ], 8, 632
[ 1 6 1 3 1 4 1 5 ], 5, 71
[ 1 1 1 2 1 3 1 ], 6, 337
[ 1 1 1 1 2 1 3 ], 1, 5
[ 1 1 1 2 1 ], 4, 46
[ 1 1 1 1 2 1 1 1 1 ], 9, 15792
[ 6 5 2 4 1 ], 13, 36
[ 1 1 4 4 3 4 3 1 1 ], 19, 23386
[ 8 7 2 5 3 1 ], 12, 39
[ 1 1 7 7 5 5 ], 11, 42
[ 1 1 3 3 ], 4, 9
[ 1 2 2 1 ], 2, 5
[ 1 2 1 3 1 ], 1, 3
[ 1 3 2 ], 4, 4
[ 1 4 3 2 ], 8, 15
[ 1 1 2 3 4 5 ], 4, 12
[ 1 1 9 9 5 5 ], 16, 98
[ 1 1 1 1 2 1 6 5 ], 3, 40
[ 1 1 1 1 2 1 6 1 8 ], 16, 50033
[ 5 1 1 2 1 6 5 8 7 ], 1, 3
[ 5 3 4 2 6 8 ], 8, 7
[ 1 5 5 4 1 6 ], 10, 46
[ 1 1 2 3 4 5 6 7 8 9 ], 11, 192
[ 1 8 7 6 5 4 3 2 ], 5, 7
[ 1 2 3 4 5 6 7 8 ], 8, 22
[ 1 2 3 7 5 6 4 8 ], 16, 186
[ 1 3 2 7 5 6 4 8 ], 6, 11
[ 1 7 6 5 4 3 2 8 ], 31, 2857
[ 1 2 6 5 4 3 7 8 ], 11, 52
[ 1 2 3 5 4 6 7 8 ], 28, 1801
[ 8 7 6 4 3 5 2 1 ], 19, 352
[ 8 2 3 5 4 6 7 1 ], 8, 22
[ 1 2 3 4 ], 5, 6
[ 3 2 1 ], 4, 4
[ 3 2 1 ], 3, 3
[ 4 3 2 1 ], 9, 18
[ 7 6 5 4 3 2 1 ], 7, 15
[ 1 2 3 4 5 6 7 8 ], 15, 146
[ 1 2 3 7 5 6 4 8 ], 4, 5
[ 1 3 2 7 5 6 4 8 ], 5, 7
[ 8 7 6 5 4 3 2 1 ], 20, 434
[ 1 7 6 5 4 3 2 8 ], 29, 2104
[ 1 2 6 5 4 3 7 8 ], 4, 5
[ 1 2 3 5 4 6 7 8 ], 6, 11
[ 8 7 6 5 4 3 2 1 ], 24, 919
[ 8 7 6 4 3 5 2 1 ], 9, 29
[ 8 7 3 5 4 6 2 1 ], 19, 352
[ 8 2 3 5 4 6 7 1 ], 12, 70
[ 1 2 3 4 5 6 7 ], 8, 21
[ 7 6 5 4 3 2 1 ], 6, 11
[ 1 2 3 4 5 6 7 ], 11, 49
[ 1 2 3 ], 2, 2
[ 2 4 3 1 ], 1, 1
[ 1 2 3 4 ], 8, 15
[ 1 2 3 ], 4, 4
[ 4 2 4 3 1 ], 13, 64
[ 2 4 2 2 2 4 2 2 2 4 2 2 2 ], 16, 44180
[ 1 1 1 5 4 2 2 1 5 4 2 ], 27, 921166
[ 1 5 2 2 2 5 5 4 ], 2, 4
[ 2 2 1 2 5 3 1 ], 6, 63
[ 2 2 4 3 1 ], 1, 1
[ 3 2 2 1 ], 1, 1
[ 1 2 2 3 ], 5, 9
[ 2 4 2 3 2 3 ], 7, 14
[ 2 2 4 3 4 1 ], 13, 155
[ 1 1 2 1 3 2 ], 7, 153
[ 5 3 4 2 2 2 2 ], 14, 286
[ 1 3 5 1 2 5 1 ], 14, 1164
[ 1 2 3 1 5 2 2 4 2 ], 9, 423
[ 2 1 2 3 1 2 3 ], 7, 116
[ 3 4 5 5 2 1 ], 7, 15
[ 3 4 5 2 5 2 1 1 2 1 ], 5, 83
[ 1 3 2 ], 2, 2
[ 1 5 2 4 1 5 ], 14, 238
[ 2 2 ], 2, 2
[ 2 2 2 4 2 2 2 ], 12, 610
[ 1 1 4 2 ], 5, 14
[ 2 1 3 ], 5, 5
[ 2 1 1 5 2 3 1 4 5 ], 13, 2233
[ 2 4 2 ], 6, 6
[ 2 1 2 3 2 1 4 5 ], 6, 69
[ 1 1 2 1 3 ], 2, 7
[ 1 1 1 2 2 3 ], 8, 233
[ 3 5 2 4 5 1 2 5 3 4 ], 26, 15330
[ 1 3 1 1 ], 3, 11
[ 2 1 2 2 2 1 ], 7, 112
[ 2 2 1 2 2 5 2 2 ], 14, 1954
[ 2 2 1 2 2 5 2 3 1 2 2 ], 18, 64512
[ 2 1 1 5 1 3 5 ], 3, 14
[ 5 1 2 5 1 ], 6, 20
[ 5 1 5 1 2 ], 4, 9
[ 3 4 1 3 1 2 1 4 2 1 ], 17, 39472
[ 1 4 1 3 1 2 1 4 2 1 ], 13, 18677
[ 1 2 3 2 4 ], 11, 66
[ 3 2 1 2 ], 6, 14
[ 2 1 2 1 2 4 ], 9, 172
[ 2 1 5 4 3 1 3 4 1 ], 3, 15
[ 3 1 3 4 1 2 1 5 4 ], 19, 11930
[ 2 2 1 2 1 2 2 4 2 ], 9, 734
[ 2 1 3 5 2 2 3 4 2 ], 17, 3428
[ 2 3 1 2 1 1 ], 9, 342
[ 1 4 1 2 ], 6, 20
[ 2 1 1 ], 1, 2
[ 1 1 1 1 2 ], 1, 4
[ 1 2 3 1 2 1 ], 3, 17
[ 3 2 2 3 5 1 3 4 1 2 2 ], 5, 66
[ 1 1 2 2 ], 4, 14
[ 1 2 3 2 ], 6, 14
[ 1 3 5 2 2 1 ], 13, 404
[ 1 2 4 5 1 2 1 ], 7, 144
[ 2 4 2 ], 4, 4
[ 2 4 3 2 3 ], 6, 9
[ 2 5 2 4 1 ], 9, 29
[ 1 1 1 1 1 1 ], 4, 126
[ 3 4 1 3 1 3 1 4 2 ], 21, 27017
[ 2 1 2 5 3 1 ], 3, 9
[ 5 3 4 2 2 2 ], 3, 1
[ 1 2 5 4 3 2 1 ], 14, 740
[ 5 1 2 1 2 5 4 ], 10, 173
[ 2 1 4 3 2 ], 2, 3
[ 3 2 2 1 5 1 ], 13, 404
[ 3 5 2 1 2 1 ], 11, 233
[ 3 5 1 2 2 1 ], 6, 41
[ 3 5 2 1 2 1 ], 9, 125
[ 1 5 2 1 2 3 ], 9, 125
[ 2 1 1 3 1 ], 4, 25
[ 2 2 3 4 1 ], 6, 17
[ 1 3 3 1 ], 3, 6
[ 4 2 1 2 3 ], 1, 1
[ 3 4 1 3 1 3 1 4 2 2 ], 13, 4245
[ 1 2 3 1 2 3 ], 8, 110
[ 1 2 3 8 7 4 ], 2, 2
[ 3 2 8 6 9 5 1 3 ], 7, 16
[ 1 4 5 4 3 ], 5, 5
[ 6 5 1 1 ], 2, 3
[ 3 2 1 8 ], 9, 13
[ 3 1 4 2 4 1 4 ], 10, 160
[ 1 2 6 3 1 3 3 ], 2, 4
[ 7 6 5 4 3 2 1 1 ], 15, 564
[ 2 3 2 1 3 4 ], 2, 3
[ 5 3 4 2 6 8 3 ], 3, 2
[ 5 4 1 6 2 1 ], 16, 336
[ 2 4 6 4 2 1 ], 11, 58
[ 7 4 1 5 1 7 6 1 4 1 10 ], 35, 390704
[ 5 1 1 6 5 ], 11, 40
[ 6 4 4 2 1 ], 3, 2
[ 2 3 1 5 1 4 2 1 4 ], 16, 6580
[ 4 2 2 3 7 1 ], 4, 8
[ 10 5 2 1 1 ], 17, 187
[ 10 7 6 1 1 ], 13, 36
[ 2 3 4 10 1 6 9 12 ], 43, 6233
[ 3 2 9 5 8 6 1 3 ], 9, 34
[ 1 9 3 5 7 ], 13, 16
[ 2 1 5 8 7 5 1 6 ], 7, 31
[ 5 3 2 4 1 ], 11, 37
[ 7 5 3 2 8 2 ], 19, 77
[ 2 3 1 5 ], 4, 4
[ 5 2 3 1 ], 8, 13
[ 4 1 2 1 1 ], 6, 57
[ 4 5 4 3 1 ], 9, 15
[ 1 6 5 1 ], 6, 10
[ 3 2 1 2 1 ], 4, 16
[ 2 4 2 1 ], 7, 13
[ 8 3 2 1 ], 3, 3
[ 4 2 4 4 3 1 1 ], 9, 113
[ 6 3 1 3 3 1 2 ], 9, 133
[ 1 1 7 6 5 4 3 2 ], 24, 4150
[ 1 3 4 2 3 2 ], 3, 5
[ 1 4 4 2 3 1 ], 3, 7
[ 1 2 9 3 1 ], 11, 87
[ 6 4 2 2 2 4 6 1 ], 1, 1
[ 1 2 6 3 1 ], 10, 78
[ 2 1 8 3 1 ], 14, 170
[ 6 20 10 30 ], 6, 1
[ 6 2 1 ], 7, 5
[ 5 1 5 3 2 4 4 2 1 ], 7, 84
[ 1 2 2 4 ], 6, 13
[ 2 5 7 1 4 2 ], 4, 7
[ 4 4 2 1 5 1 5 3 2 ], 8, 133
[ 5 1 5 ], 1, 1
[ 7 5 3 9 1 ], 9, 8
[ 7 3 3 7 1 ], 18, 57
[ 4 2 2 5 7 1 ], 19, 298
[ 7 3 1 3 7 ], 14, 30
[ 5 1 7 6 1 4 1 10 1 7 4 ], 29, 121137
[ 2 2 1 4 3 1 1 1 ], 7, 399
[ 2 1 6 5 4 2 5 1 1 ], 1, 3
[ 6 6 6 6 1 5 7 ], 7, 7
[ 5 6 5 3 5 3 5 2 1 ], 11, 98
[ 1 3 3 1 5 ], 8, 36
[ 5 2 5 6 5 3 5 3 1 ], 31, 9562
[ 5 1 3 3 1 ], 10, 63
[ 3 2 7 4 5 ], 3, 1
[ 4 5 3 2 7 ], 7, 4
[ 6 1 7 3 ], 16, 19
[ 4 4 2 1 6 ], 11, 25
[ 1 4 2 1 4 2 3 1 5 ], 9, 502
[ 2 3 5 6 1 1 1 1 1 ], 3, 41
[ 1 2 3 4 1 1 1 ], 6, 166
[ 7 5 2 1 2 ], 16, 101
[ 2 7 5 2 1 ], 14, 71
[ 3 4 10 1 6 9 12 2 ], 27, 798
[ 6 8 2 3 4 1 1 1 1 ], 25, 83517
[ 1 4 2 3 1 ], 2, 4
[ 2 3 1 4 1 ], 2, 4
[ 3 2 1 4 1 ], 1, 2
[ 4 1 2 3 1 ], 1, 2
[ 2 1 6 5 4 5 1 1 ], 22, 8142
[ 4 1 2 3 5 ], 1, 1
[ 9 5 1 3 3 2 8 6 ], 29, 2314
[ 9 5 8 6 1 3 3 2 ], 4, 5
[ 2 7 1 3 4 2 ], 15, 192
[ 3 5 7 1 9 ], 22, 58
[ 5 1 6 2 1 5 8 7 ], 8, 44
[ 3 4 2 2 7 1 ], 13, 122
[ 2 4 3 ], 5, 1
[ 2 1 2 ], 2, 3
[ 4 2 2 4 1 ], 8, 30
[ 6 4 2 2 4 6 1 ], 23, 980
[ 4 2 2 4 6 1 ], 9, 33
[ 6 4 2 2 4 1 ], 4, 8
[ 6 2 4 6 1 ], 17, 61
[ 8 4 2 8 1 ], 14, 32
[ 4 1 2 7 1 ], 7, 27
[ 4 6 1 4 2 ], 11, 25
[ 4 7 1 2 1 ], 10, 62
[ 7 1 4 1 2 ], 7, 27
[ 4 2 4 6 1 ], 7, 9
[ 4 2 4 3 1 1 ], 7, 45
[ 1 4 1 5 ], 6, 12
[ 4 2 3 1 1 4 ], 13, 285
[ 3 1 4 2 1 4 ], 12, 221
[ 5 1 1 4 ], 6, 12
[ 4 2 6 2 4 1 ], 11, 58
[ 2 3 2 1 4 1 ], 6, 44
[ 4 1 4 2 3 1 ], 11, 166
[ 3 5 3 4 2 6 8 ], 6, 6
[ 1 6 2 1 5 4 ], 9, 60
[ 1 2 2 1 2 1 1 1 1 1 1 1 ], 2, 48
[ 2 5 3 7 8 1 9 ], 18, 144
[ 1 2 2 3 7 1 1 ], 10, 506
[ 5 7 4 9 8 10 ], 10, 2
[ 7 5 3 4 ], 4, 1
[ 2 7 3 5 4 6 8 ], 7, 4
[ 1 2 2 3 3 4 6 ], 9, 66
[ 1 1 1 1 1 2 2 2 ], 4, 121
[ 1 5 2 5 1 1 1 5 ], 1, 4
[ 1 1 7 4 1 1 1 1 ], 1, 6
[ 1 1 6 1 9 7 7 1 1 1 ], 1, 6
[ 1 8 8 2 2 2 ], 12, 104
[ 1 1 5 10 20 40 ], 10, 19
[ 1 1 8 8 2 8 3 ], 9, 59
[ 6 1 5 1 ], 6, 10
[ 1 6 6 5 ], 5, 2
[ 1 1 1 1 1 2 2 ], 7, 707
[ 1 2 1 3 1 3 ], 3, 15
[ 1 2 3 1 1 1 ], 6, 155
[ 1 1 4 4 3 2 ], 1, 2
[ 1 1 6 1 1 1 ], 3, 35
[ 1 1 1 1 1 1 1 ], 3, 84
[ 6 4 2 2 1 2 4 6 ], 4, 12
[ 1 4 2 3 2 2 1 ], 11, 496
[ 1 1 1 2 2 ], 2, 8
[ 1 1 3 1 1 2 6 ], 11, 1261
[ 1 1 2 3 3 5 5 3 4 ], 25, 18867
[ 1 1 1 2 2 5 5 2 4 ], 21, 32035
[ 1 1 1 5 5 4 ], 9, 111
[ 1 2 4 6 8 ], 12, 27
[ 1 3 4 4 5 6 ], 11, 27
[ 1 3 4 5 4 5 6 6 7 8 ], 4, 4
[ 1 6 8 ], 9, 3
[ 1 1 1 6 1 1 4 1 2 1 ], 13, 56983
[ 1 1 1 1 2 5 5 1 1 1 ], 8, 4348
[ 1 12 4 ], 13, 5
[ 1 14 12 12 10 14 ], 35, 29
[ 1 18 16 ], 34, 5
[ 1 1 2 3 5 7 8 8 9 11 ], 27, 5539
[ 1 2 1 1 1 1 1 1 1 1 ], 4, 541
[ 1 1 1 7 7 4 4 4 1 4 1 ], 19, 55312
[ 1 3 5 3 4 5 9 5 4 1 3 ], 24, 14152
[ 1 5 1 1 1 1 1 1 1 ], 3, 120
[ 1 5 1 1 5 ], 7, 48
[ 1 1 3 3 5 ], 9, 49
[ 1 15 1 1 ], 1, 3
[ 1 10 8 ], 11, 3
[ 1 8 6 4 ], 6, 3
[ 1 1 1 5 5 3 5 3 3 ], 16, 3123
[ 1 3 1 3 3 1 1 1 5 ], 1, 5
[ 1 2 2 1 1 1 1 10 10 10 ], 5, 211
[ 1 1 7 3 5 3 2 7 4 ], 18, 2002
[ 1 1 4 3 ], 3, 5
[ 1 1 4 7 8 ], 15, 70
[ 1 4 7 ], 7, 3
[ 1 1 1 1 1 1 5 1 1 ], 10, 20241
[ 10 1 5 1 2 ], 6, 18
[ 1 1 1 1 1 1 3 ], 1, 6
[ 1 10 7 7 7 ], 7, 4
[ 1 1 3 3 4 1 2 2 3 3 ], 18, 28680
[ 1 1 2 1 1 1 ], 3, 40
[ 1 2 6 18 36 54 ], 54, 262
[ 1 3 5 6 8 9 15 ], 24, 129
[ 1 1 3 5 6 8 9 ], 4, 7
[ 1 2 4 6 ], 7, 7
[ 1 5 10 20 40 ], 71, 140
[ 1 3 4 1 1 6 1 2 ], 16, 7956
[ 1 1 4 3 2 ], 2, 4
[ 1 1 5 5 4 ], 14, 90
[ 1 3 5 3 4 9 ], 18, 121
[ 1 2 1 4 3 ], 3, 7
[ 1 1 3 3 2 1 ], 3, 15
[ 1 1 2 3 4 5 6 7 ], 26, 6019
[ 1 1 1 1 1 1 1 2 ], 4, 239
[ 1 1 2 3 3 4 6 7 ], 10, 168
[ 1 8 7 6 4 6 5 2 ], 30, 1521
[ 1 8 7 7 5 7 6 2 ], 37, 2444
[ 9 3 5 2 8 6 ], 3, 1
[ 1 1 3 3 1 8 ], 3, 12
[ 9 3 5 2 8 6 1 3 ], 14, 129
[ 1 1 3 3 2 2 2 1 ], 11, 1713
[ 1 1 1 1 1 1 5 ], 10, 3256
[ 1 1 3 5 1 ], 2, 6
[ 5 1 2 1 6 5 8 7 ], 6, 21
[ 1 3 3 6 3 5 ], 15, 109
[ 1 1 5 6 7 1 ], 15, 368
[ 1 1 8 7 3 1 ], 9, 103
[ 5 1 3 2 4 ], 12, 47
[ 1 5 5 3 5 ], 18, 60
[ 1 1 1 1 2 1 1 1 1 1 ], 1, 9
[ 1 5 2 3 7 6 4 5 ], 28, 2339
[ 4 6 4 2 1 ], 14, 56
[ 4 2 1 2 4 ], 8, 30
[ 6 4 2 1 2 4 6 ], 1, 1
[ 1 1 1 1 1 2 4 ], 9, 1382
[ 6 4 2 1 2 ], 6, 14
[ 4 2 1 2 4 6 ], 7, 17
[ 1 1 1 1 1 2 ], 3, 40
[ 6 1 2 4 6 ], 9, 13
[ 1 1 1 2 4 ], 7, 83
[ 8 4 2 1 8 ], 1, 1
[ 1 1 1 4 1 9 5 1 ], 9, 918
[ 1 8 8 2 8 3 ], 16, 66
[ 1 4 4 4 2 ], 5, 6
[ 1 1 5 4 4 ], 10, 45
[ 1 1 7 4 1 9 5 5 ], 24, 4499
[ 1 1 7 7 1 9 9 9 ], 9, 70
[ 1 8 8 7 7 5 5 ], 27, 171
[ 3 2 1 1 2 ], 2, 5
[ 1 3 2 2 3 ], 4, 8
[ 1 1 3 ], 2, 3
[ 2 4 1 2 ], 8, 22
[ 1 1 5 1 5 ], 10, 111
[ 1 1 6 6 3 ], 5, 9
[ 3 7 2 1 ], 4, 4
[ 3 8 2 1 ], 6, 7
[ 1 1 9 5 ], 11, 24
[ 4 2 3 4 1 1 4 ], 2, 4
[ 1 6 3 1 2 3 3 ], 14, 609
[ 7 6 1 5 4 3 2 1 ], 7, 45
[ 1 1 1 4 4 4 ], 5, 30
[ 1 1 1 5 5 5 ], 10, 135
[ 3 2 6 1 1 4 ], 11, 139
[ 1 3 1 6 6 6 ], 11, 57
[ 1 4 1 7 7 7 ], 18, 163
[ 1 2 8 3 ], 2, 2
[ 1 2 9 1 3 ], 13, 134
[ 1 1 3 3 3 ], 10, 85
[ 1 6 6 2 6 6 ], 9, 13
[ 1 6 6 4 6 4 ], 14, 34
[ 1 1 1 5 3 ], 3, 11
[ 4 2 6 1 2 4 ], 15, 153
[ 1 6 7 4 2 1 ], 15, 231
[ 1 1 1 8 8 3 1 ], 15, 1914
[ 6 1 4 1 3 1 7 ], 8, 100
[ 1 6 6 4 4 3 1 ], 3, 5
[ 1 1 1 1 5 1 1 ], 4, 126
[ 1 1 2 6 3 ], 8, 45
[ 1 1 1 1 7 ], 9, 230
[ 2 1 1 8 3 ], 5, 16
[ 1 2 2 1 8 ], 9, 72
[ 2 1 3 2 1 4 ], 8, 97
[ 4 1 1 4 2 3 ], 13, 285
[ 1 5 5 4 4 1 1 ], 7, 68
[ 5 3 4 2 3 6 8 ], 11, 20
[ 1 3 5 7 8 5 9 15 ], 40, 1652
[ 1 1 1 1 1 8 1 1 ], 4, 210
[ 1 3 2 7 5 7 6 4 8 ], 12, 77
[ 1 1 1 1 1 1 8 8 8 8 8 ], 11, 4648
[ 1 6 5 2 4 1 ], 6, 23
[ 10 8 6 5 4 2 ], 18, 28
[ 2 4 6 8 10 ], 26, 57
[ 1 1 1 1 6 1 1 1 1 1 ], 13, 209934
[ 4 7 9 ], 11, 1
[ 1 1 5 5 4 1 ], 2, 6
[ 1 6 1 1 8 8 8 6 6 8 ], 37, 39155
[ 4 2 1 ], 6, 6
[ 6 1 2 ], 2, 2
[ 7 9 13 4 8 10 ], 27, 10
[ 6 1 4 3 6 1 ], 3, 5
[ 1 1 1 10 7 7 6 10 7 7 ], 27, 6005
[ 1 10 8 10 8 6 8 6 6 4 ], 25, 279
[ 6 4 2 1 2 4 ], 8, 33
[ 1 11 7 ], 1, 1
[ 1 8 4 ], 5, 2
[ 1 10 8 8 6 4 ], 5, 2
[ 1 1 1 12 1 1 ], 3, 35
[ 1 1 1 1 1 1 1 10 1 1 ], 7, 6435
[ 1 1 2 2 1 1 1 2 1 1 1 1 ], 14, 1145664
[ 1 1 1 2 2 1 2 1 2 ], 3, 55
[ 1 1 1 9 9 ], 12, 111
[ 1 1 1 4 1 4 2 2 1 ], 13, 13939
[ 1 5 5 ], 1, 1
[ 1 1 1 4 ], 3, 10
[ 7 3 9 5 1 ], 9, 8
[ 1 7 3 7 5 ], 3, 2
[ 2 5 4 2 7 1 ], 19, 298
[ 7 3 7 3 1 ], 3, 3
[ 1 7 3 7 3 ], 11, 16
[ 1 5 7 1 4 7 6 1 4 1 10 ], 28, 98137
[ 1 1 1 8 8 1 1 10 8 5 5 ], 32, 460495
[ 5 1 1 2 1 6 5 4 2 ], 21, 16435
[ 1 1 4 4 1 ], 1, 3
[ 1 6 1 1 1 1 ], 4, 70
[ 1 6 1 6 1 1 1 ], 9, 785
[ 1 1 8 7 1 8 1 1 ], 3, 35
[ 1 2 2 1 1 2 1 2 1 1 1 ], 1, 7
[ 8 8 7 2 8 5 8 8 ], 17, 14
[ 1 1 1 1 5 5 1 ], 10, 1256
[ 9 9 10 12 9 9 9 5 9 ], 21, 6
[ 1 1 1 9 5 5 9 ], 16, 501
[ 5 1 6 5 1 ], 13, 60
[ 5 3 6 5 18 ], 28, 21
[ 1 1 1 10 ], 11, 81
[ 1 1 4 4 3 3 2 1 1 1 ], 9, 2338
[ 1 1 3 1 3 ], 6, 51
[ 5 6 5 5 3 5 3 2 1 ], 4, 5
[ 1 1 1 5 1 ], 7, 130
[ 1 1 1 5 5 ], 8, 65
[ 3 6 7 8 10 12 15 18 100 ], 60, 520
[ 1 1 1 1 1 1 1 1 1 ], 3, 165
[ 10 8 6 ], 8, 1
[ 1 1 1 1 6 ], 7, 124
[ 1 1 3 1 7 ], 7, 55
[ 4 3 2 7 5 ], 8, 5
[ 1 1 1 8 1 2 ], 2, 11
[ 1 7 1 7 2 2 7 6 6 6 ], 1, 2
[ 1 1 4 ], 1, 2
[ 1 2 1 1 4 4 1 1 4 ], 9, 1739
[ 1 8 8 8 8 6 6 3 3 ], 32, 1731
[ 1 1 1 1 2 1 6 5 1 ], 6, 617
[ 2 3 4 2 7 1 ], 13, 122
[ 2 1 2 1 4 3 1 1 ], 9, 1069
[ 7 4 1 ], 7, 3
[ 1 2 1 3 1 5 6 1 1 ], 2, 16
[ 1 1 2 1 1 3 4 ], 4, 51
[ 1 1 1 2 2 1 1 ], 5, 211
[ 10 7 1 1 6 ], 14, 43
[ 1 3 5 4 8 2 4 3 6 5 ], 15, 415
[ 1 1 1 5 1 8 8 4 8 6 ], 33, 142209
[ 1 1 1 3 3 2 ], 8, 184
[ 1 5 1 1 5 3 3 3 5 ], 10, 417
[ 1 1 1 6 6 5 5 5 4 1 4 ], 20, 21956
[ 1 8 7 7 5 3 ], 26, 157
[ 1 5 1 1 8 1 ], 13, 802
[ 1 7 7 5 2 ], 3, 2
[ 5 2 6 8 1 9 ], 16, 50
[ 1 1 1 20 ], 3, 10
[ 7 2 5 2 1 ], 14, 71
[ 2 8 10 15 16 30 32 64 ], 119, 764
[ 5 8 9 11 12 15 ], 43, 21
[ 1 10 4 10 10 6 10 8 ], 6, 3
[ 10 4 2 5 6 3 8 1 ], 32, 2786
[ 3 4 10 1 6 9 2 12 ], 20, 254
[ 1 1 1 10 10 10 9 1 ], 10, 293
[ 1 6 1 8 8 3 8 4 4 ], 10, 77
[ 2 1 1 1 1 1 ], 4, 86
[ 1 2 1 1 1 1 ], 2, 16
[ 1 1 6 6 3 6 4 6 ], 29, 4408
[ 1 1 1 1 2 1 ], 1, 5
[ 1 1 2 1 3 1 ], 6, 155
[ 1 1 1 2 1 3 ], 1, 4
[ 6 1 8 2 3 1 4 1 1 ], 22, 41909
[ 1 6 6 2 2 ], 11, 33
[ 1 3 1 2 ], 3, 7
[ 1 2 1 3 ], 5, 16
[ 1 1 2 1 ], 2, 7
[ 2 1 1 3 ], 2, 4
[ 3 1 1 2 ], 3, 7
[ 1 3 3 3 ], 9, 20
[ 1 1 4 2 3 ], 2, 4
[ 1 2 3 1 4 ], 1, 2
[ 1 4 1 2 3 ], 6, 27
[ 2 1 3 1 4 ], 6, 27
[ 2 3 1 1 4 ], 1, 2
[ 1 1 3 3 1 ], 4, 21
[ 3 1 2 1 4 ], 10, 94
[ 3 2 1 1 4 ], 6, 27
[ 4 1 1 2 3 ], 5, 18
[ 1 4 1 4 4 ], 6, 16
[ 1 5 4 3 2 ], 5, 7
[ 1 6 5 4 3 2 ], 18, 199
[ 1 1 2 3 ], 5, 16
[ 9 6 8 3 7 ], 10, 1
[ 1 9 9 8 8 ], 16, 8
[ 6 9 2 5 1 4 ], 7, 9
[ 3 5 8 4 9 10 ], 3, 1
[ 1 1 1 8 1 1 ], 9, 720
[ 5 1 1 2 1 6 5 4 ], 17, 2550
[ 1 3 5 7 9 ], 9, 8
[ 1 1 3 5 7 ], 16, 133
[ 1 2 4 3 1 ], 8, 53
[ 1 1 2 2 1 ], 1, 3
[ 1 5 1 1 1 1 1 5 5 ], 2, 21
[ 1 5 5 4 1 1 ], 4, 16
[ 1 1 2 3 4 ], 1, 2
[ 1 1 1 1 7 7 6 1 ], 22, 31668
[ 1 1 3 1 7 7 6 1 ], 9, 366
[ 1 2 6 5 4 9 3 7 8 ], 41, 15224
[ 2 3 4 ], 3, 1
[ 1 2 3 5 4 ], 6, 10
[ 1 2 6 5 4 9 3 7 8 ], 6, 11
[ 2 3 4 ], 6, 3
[ 3 4 5 ], 8, 2
[ 3 2 ], 2, 1
[ 1 2 3 4 5 6 ], 13, 71
[ 1 2 3 4 5 6 ], 6, 11
[ 5 4 3 2 1 ], 13, 57
[ 6 5 4 3 2 1 ], 19, 235
[ 4 3 2 ], 6, 3
[ 1 2 3 4 5 6 7 8 9 10 ], 20, 530
[ 1 2 3 4 5 6 7 8 9 10 ], 15, 164
[ 2 1 ], 2, 2
[ 1 2 3 5 4 ], 3, 3
[ 1 2 ], 1, 1
[ 3 5 2 4 1 ], 6, 10
[ 3 5 2 4 1 ], 1, 1
[ 1 2 3 4 5 ], 14, 70
[ 4 3 2 ], 5, 1
[ 4 1 1 2 1 ], 8, 118
[ 4 5 4 1 3 ], 6, 6
[ 1 3 1 ], 1, 2
[ 3 1 2 1 ], 4, 11
[ 2 1 5 1 ], 4, 9
[ 1 2 3 1 2 3 3 ], 4, 20
[ 1 2 1 5 4 3 2 1 ], 10, 656
[ 2 1 3 4 3 2 ], 12, 150
[ 1 2 3 3 ], 3, 4
[ 1 2 1 4 2 1 ], 9, 298
[ 2 1 4 1 3 1 1 ], 6, 166
[ 5 3 4 2 3 2 2 ], 15, 220
[ 1 3 2 1 5 1 2 4 2 ], 18, 18521
[ 1 2 5 2 4 1 ], 9, 107
[ 4 1 1 ], 2, 3
[ 1 2 5 ], 5, 4
[ 3 2 1 1 ], 4, 11
[ 2 4 2 2 2 4 2 2 4 2 ], 2, 7
[ 2 1 4 3 2 1 ], 8, 97
[ 1 2 3 5 1 2 1 ], 10, 548
[ 5 5 5 4 4 3 1 2 2 ], 1, 1
[ 5 1 4 5 4 2 3 1 2 ], 3, 9
[ 1 2 4 2 ], 7, 13
[ 1 3 1 5 1 ], 8, 83
[ 2 5 4 2 1 1 ], 1, 2
[ 1 3 1 3 1 ], 6, 51
[ 2 1 2 5 3 2 ], 11, 131
[ 2 1 4 3 1 2 ], 12, 346
[ 1 4 4 ], 4, 3
[ 2 4 2 2 5 ], 10, 35
[ 2 1 2 5 2 2 1 ], 7, 119
[ 1 1 1 1 1 5 1 ], 2, 21
[ 5 3 2 5 ], 8, 4
[ 4 3 2 1 5 ], 6, 10
[ 2 1 3 4 1 2 1 5 4 ], 14, 3444
[ 2 4 3 2 ], 2, 2
[ 1 5 1 ], 6, 9
[ 1 3 5 ], 6, 4
[ 1 4 1 ], 4, 6
[ 5 3 1 ], 1, 1
[ 1 1 1 ], 1, 3
[ 1 3 5 4 2 2 4 3 2 5 ], 18, 3699
[ 5 4 5 5 3 1 2 2 4 ], 7, 34
[ 5 2 2 2 1 1 ], 2, 6
[ 1 2 5 2 1 ], 2, 5
[ 2 5 3 1 ], 8, 13
[ 2 4 ], 4, 2
[ 1 2 2 ], 2, 3
[ 1 2 4 ], 1, 1
[ 5 2 1 ], 6, 5
[ 3 4 1 2 1 2 ], 10, 191
[ 1 3 5 1 2 1 ], 1, 3
[ 2 1 2 5 1 4 ], 2, 5
[ 2 2 1 ], 2, 3
[ 1 1 1 1 1 ], 4, 70
[ 1 3 5 2 2 2 ], 14, 296
[ 1 3 5 2 2 2 1 3 ], 4, 24
[ 1 3 5 1 1 ], 1, 3
[ 5 1 2 1 2 5 2 1 ], 1, 3
[ 2 3 4 2 1 1 ], 2, 5
[ 1 3 2 5 ], 3, 3
[ 1 5 2 3 1 2 4 5 ], 1, 2
[ 2 1 3 1 ], 2, 4
[ 4 1 1 2 1 ], 4, 23
[ 4 2 4 2 1 ], 10, 50
[ 3 1 1 2 2 1 ], 8, 233
[ 5 3 2 4 1 9 5 1 ], 11, 185
[ 2 6 9 7 1 1 3 4 1 10 ], 28, 40437
[ 2 4 5 7 1 9 1 3 ], 26, 4988
[ 7 9 2 4 1 5 1 3 ], 15, 499
[ 7 9 3 2 4 1 5 1 ], 31, 11413
[ 2 7 9 3 4 1 5 1 ], 23, 2874
[ 8 2 3 8 7 5 1 ], 29, 857
[ 3 1 2 5 1 ], 8, 48
[ 1 2 3 2 ], 4, 7
[ 4 3 6 2 2 3 ], 18, 164
[ 9 7 8 7 8 3 10 ], 27, 29
[ 4 2 4 3 5 1 1 ], 17, 986
[ 1 2 1 2 2 3 3 ], 9, 274
[ 2 4 2 1 2 1 ], 5, 32
[ 2 2 2 2 2 2 8 7 5 3 1 ], 28, 159091
[ 4 5 4 7 1 2 1 6 1 5 ], 17, 4060
[ 4 1 7 6 1 3 ], 10, 54
[ 3 1 3 1 ], 5, 12
[ 1 2 6 4 1 ], 1, 2
[ 5 3 3 1 2 1 4 1 4 ], 16, 5029
[ 3 3 1 5 1 4 2 1 4 ], 1, 3
[ 2 1 10 8 2 2 1 6 6 4 ], 18, 3537
[ 7 3 2 4 8 5 6 3 2 ], 3, 2
[ 5 1 1 8 1 2 6 5 7 ], 4, 22
[ 2 1 7 1 3 2 ], 15, 571
[ 3 2 3 9 1 8 6 5 3 4 2 ], 15, 869
[ 4 3 6 2 3 ], 16, 35
[ 5 4 6 2 1 ], 17, 73
[ 7 4 2 3 4 3 1 3 1 ], 20, 5749
[ 3 2 8 5 4 6 ], 23, 86
[ 4 3 1 2 4 6 ], 11, 48
[ 5 5 1 2 1 6 4 ], 4, 10
[ 2 4 1 3 ], 6, 9
[ 2 3 2 1 4 ], 8, 32
[ 9 7 8 7 3 10 ], 20, 8
[ 8 7 9 10 3 7 ], 31, 31
[ 2 4 9 5 1 5 1 3 ], 3, 7
[ 9 5 1 3 2 7 4 1 ], 4, 12
[ 3 4 1 10 2 6 1 9 7 1 ], 31, 71456
[ 8 2 3 7 5 1 ], 25, 359
[ 2 7 4 9 5 1 3 1 ], 31, 11413
[ 7 9 1 3 2 4 1 5 ], 26, 4988
[ 2 4 5 1 3 7 1 9 ], 26, 4988
[ 2 4 5 1 7 1 9 3 ], 2, 4
[ 4 5 1 2 7 1 9 3 ], 6, 29
[ 8 7 5 1 8 2 3 ], 13, 54
[ 5 3 1 2 1 ], 11, 108
[ 6 3 2 4 1 ], 7, 12
[ 2 1 2 3 ], 1, 1
[ 2 3 5 1 4 1 ], 9, 83
[ 4 1 7 2 3 1 ], 13, 221
[ 3 1 2 1 1 ], 5, 41
[ 2 1 1 3 1 ], 7, 95
[ 6 2 2 3 4 3 ], 7, 8
[ 3 5 1 4 2 1 4 ], 13, 358
[ 1 2 7 3 1 ], 5, 16
[ 2 3 3 1 2 1 2 ], 1, 2
[ 4 2 2 1 1 2 ], 10, 252
[ 7 4 2 5 9 7 2 4 1 1 ], 31, 40703
[ 5 3 1 1 3 4 2 1 ], 19, 8248
[ 3 4 2 1 5 3 1 1 ], 8, 228
[ 2 6 9 7 3 1 4 1 10 1 ], 17, 3267
[ 8 7 5 3 1 2 2 2 2 2 2 ], 33, 468778
[ 5 1 1 2 5 ], 13, 124
[ 3 4 3 1 2 1 7 4 2 1 ], 12, 2169
[ 1 4 3 1 2 1 7 4 2 1 ], 11, 3006
[ 1 2 2 4 3 ], 6, 17
[ ], 6, 0
[ 5 5 1 1 2 ], 6, 20
[ 7 4 2 1 3 4 3 1 2 1 ], 22, 53146
[ 7 4 2 1 1 4 3 1 2 1 ], 13, 6797
[ 3 1 2 2 4 ], 7, 21
[ 10 3 2 5 6 ], 16, 15
[ 2 1 2 4 1 8 ], 11, 168
[ 6 5 10 4 8 1 8 ], 12, 16
[ 1 8 2 1 2 4 ], 16, 566
[ 4 8 8 6 5 10 1 ], 12, 16
[ 7 2 6 5 1 4 5 1 4 1 ], 23, 19295
[ 6 1 3 4 1 7 ], 11, 69
[ 1 3 1 3 ], 1, 2
[ 6 4 1 1 2 ], 4, 10
[ 2 4 1 6 3 ], 11, 33
[ 4 2 6 ], 10, 5
[ 2 1 4 1 4 5 3 3 1 ], 14, 2660
[ 1 4 2 1 4 3 3 1 5 ], 9, 403
[ 2 2 1 6 6 4 2 1 10 8 ], 32, 73634
[ 8 5 6 3 2 7 3 2 4 ], 18, 312
[ 2 6 5 7 5 1 1 1 8 ], 9, 192
[ 3 2 2 1 7 1 ], 13, 354
[ 2 3 5 1 1 1 1 ], 6, 159
[ 6 5 3 4 2 3 2 3 9 1 8 ], 20, 3594
[ 1 2 1 2 ], 5, 20
[ 1 6 3 4 5 1 1 1 ], 4, 40
[ 1 2 3 1 1 1 1 ], 3, 41
[ 1 2 3 1 1 ], 3, 14
[ 6 2 3 4 3 ], 10, 11
[ 6 2 1 5 4 ], 17, 73
[ 3 4 3 1 3 1 7 4 2 ], 5, 28
[ 7 5 1 8 2 3 ], 8, 15
[ 2 1 6 5 8 7 5 1 1 ], 14, 961
[ 5 4 6 3 2 8 ], 14, 23
[ 20 10 30 ], 50, 5
[ 2 4 6 4 3 1 ], 9, 28
[ 5 1 2 1 6 4 5 ], 15, 368
[ 3 2 4 1 ], 3, 3
[ 1 4 2 3 2 ], 6, 17
[ 3 7 10 8 9 7 ], 20, 8
[ 7 4 2 5 6 4 5 1 1 1 ], 20, 9185
[ 6 1 1 7 4 3 ], 7, 23
[ 1 2 4 3 ], 8, 15
[ 1 2 3 4 2 ], 6, 17
[ 4 3 6 1 1 7 ], 4, 8
[ 3 1 2 4 ], 1, 1
[ 3 4 3 1 3 1 7 4 2 2 ], 15, 2931
[ 1 2 1 2 3 3 ], 10, 221
[ 3 4 7 3 1 3 1 4 2 2 ], 19, 9995
[ 7 4 2 2 3 4 3 1 3 1 ], 15, 2931
[ 3 3 1 2 1 2 ], 9, 158
[ 3 1 2 ], 4, 4
[ 1 4 9 2 3 1 ], 1, 2
[ 2 3 1 1 4 1 ], 3, 14
[ 3 2 3 1 4 1 ], 11, 196
[ 1 1 1 1 8 1 1 1 1 1 1 ], 4, 715
[ 1 2 1 2 2 1 1 1 1 ], 11, 18612
[ 3 5 2 4 ], 4, 2
[ 1 1 7 7 1 9 9 1 ], 4, 35
[ 1 3 3 3 2 ], 3, 5
[ 1 2 1 4 4 ], 3, 6
[ 1 7 6 6 5 4 3 2 ], 18, 325
[ 1 1 2 2 3 1 ], 1, 3
[ 1 1 2 1 1 2 ], 2, 12
[ 1 9 7 9 7 9 8 ], 33, 159
[ 1 1 1 1 1 1 2 4 ], 1, 6
[ 1 1 1 4 1 2 ], 2, 11
[ 1 1 3 5 7 3 5 9 ], 20, 1011
[ 1 1 2 2 2 4 2 3 7 ], 19, 12423
[ 1 1 1 2 2 1 2 ], 4, 71
[ 1 10 12 15 18 ], 23, 7
[ 1 3 6 7 9 10 ], 16, 28
[ 1 1 4 6 1 2 4 1 2 4 ], 6, 225
[ 1 1 1 1 5 5 5 5 1 1 ], 17, 59426
[ 1 6 8 10 1 2 4 4 6 8 ], 16, 625
[ 1 7 9 1 4 8 ], 29, 621
[ 1 1 1 1 3 1 ], 5, 141
[ 1 8 9 1 1 5 1 3 3 4 ], 15, 5194
[ 1 1 1 8 1 1 4 1 2 2 ], 3, 68
[ 1 1 1 2 1 1 1 4 ], 8, 2046
[ 1 2 2 1 1 2 1 2 2 1 1 ], 12, 68354
[ 1 3 6 7 8 10 12 15 18 ], 14, 21
[ 1 1 1 4 1 5 1 5 4 1 ], 13, 16604
[ 1 1 1 4 4 1 ], 2, 10
[ 6 5 1 ], 6, 3
[ 1 2 1 3 3 1 1 1 5 ], 11, 5104
[ 1 5 1 1 5 1 1 1 8 ], 20, 102121
[ 1 2 2 1 1 7 ], 10, 352
[ 1 4 7 8 10 ], 16, 16
[ 1 10 8 7 4 ], 14, 11
[ 1 1 1 2 3 1 1 ], 6, 337
[ 1 1 4 4 1 1 1 1 2 ], 6, 654
[ 1 1 2 6 10 18 ], 32, 1141
[ 1 2 8 10 15 16 30 32 ], 1, 1
[ 1 1 2 4 ], 6, 20
[ 1 2 3 6 18 22 ], 1, 1
[ 1 2 4 5 7 8 9 ], 26, 426
[ 1 1 2 4 5 7 8 ], 24, 1617
[ 1 3 5 7 8 9 15 ], 40, 729
[ 1 1 3 5 7 8 9 ], 13, 94
[ 1 3 1 7 7 1 7 7 4 ], 36, 60239
[ 1 2 1 1 1 ], 2, 11
[ 1 1 6 1 3 ], 11, 177
[ 1 6 1 2 1 1 ], 8, 306
[ 1 5 1 1 1 1 1 1 ], 7, 1744
[ 1 1 1 4 3 ], 7, 65
[ 1 1 2 3 3 5 3 4 ], 14, 900
[ 1 1 1 2 2 5 2 4 ], 10, 831
[ 1 1 2 2 2 2 3 7 ], 1, 2
[ 4 3 2 1 4 6 ], 1, 1
[ 1 4 3 3 1 4 ], 11, 126
[ 1 1 3 3 1 8 6 1 ], 7, 206
[ 5 1 2 1 6 5 4 ], 3, 6
[ 1 1 1 2 1 1 1 8 ], 7, 1106
[ 1 2 1 1 3 ], 3, 14
[ 3 8 6 7 5 9 ], 13, 4
[ 1 3 5 5 6 8 ], 24, 167
[ 3 5 6 7 8 9 ], 3, 1
[ 1 3 5 6 7 8 ], 25, 153
[ 9 5 6 7 8 3 ], 8, 2
[ 1 1 1 2 3 ], 3, 14
[ 1 1 2 3 3 ], 4, 13
[ 9 7 7 3 8 10 ], 8, 1
[ 8 9 7 3 7 10 ], 23, 13
[ 1 1 9 7 3 7 ], 15, 105
[ 1 1 3 1 ], 4, 18
[ 1 1 1 2 3 3 3 4 ], 13, 1897
[ 1 1 1 3 ], 1, 3
[ 1 1 2 3 1 ], 5, 41
[ 1 4 1 1 1 ], 6, 94
[ 1 1 1 1 2 4 ], 4, 47
[ 1 1 5 5 5 1 1 5 ], 13, 1420
[ 4 2 6 8 1 9 ], 4, 4
[ 1 4 1 1 8 1 ], 4, 36
[ 5 2 4 1 9 5 1 3 ], 27, 7167
[ 1 2 2 1 1 9 5 5 ], 12, 868
[ 1 2 1 1 1 1 3 1 4 1 ], 5, 589
[ 1 1 7 7 5 3 ], 4, 7
[ 1 1 5 5 ], 11, 32
[ 1 2 2 1 1 1 1 1 ], 9, 4596
[ 1 2 1 4 1 1 5 5 ], 3, 24
[ 2 7 4 1 9 5 1 3 ], 28, 7033
[ 1 2 1 4 1 1 5 1 ], 6, 317
[ 8 8 7 2 5 3 1 ], 18, 151
[ 3 5 1 2 1 ], 7, 35
[ 2 6 4 3 1 ], 9, 21
[ 1 1 6 3 1 6 6 ], 3, 11
[ 1 1 1 1 4 4 ], 7, 160
[ 2 3 5 1 1 4 ], 7, 42
[ 4 1 7 1 2 3 ], 4, 12
[ 1 3 1 1 2 ], 4, 25
[ 2 1 1 1 3 ], 5, 41
[ 6 4 2 3 2 3 ], 16, 109
[ 6 2 4 3 4 1 ], 7, 15
[ 1 4 1 6 6 6 ], 14, 99
[ 1 1 1 7 4 2 ], 3, 13
[ 9 7 8 7 3 8 10 ], 3, 1
[ 4 2 3 5 1 1 4 ], 13, 358
[ 1 1 2 7 3 ], 10, 74
[ 1 1 4 9 2 3 ], 19, 705
[ 1 1 1 1 9 9 ], 11, 384
[ 1 2 3 1 1 4 ], 11, 448
[ 1 1 1 3 3 1 ], 1, 4
[ 1 2 1 3 2 1 ], 7, 153
[ 3 1 2 3 1 4 ], 8, 75
[ 1 3 3 1 3 1 ], 8, 144
[ 1 4 4 1 4 4 ], 8, 39
[ 5 3 4 2 2 6 8 ], 27, 550
[ 1 1 3 1 1 3 6 ], 6, 128
[ 1 2 3 7 5 6 6 4 8 ], 40, 16836
[ 1 1 1 1 7 7 7 6 1 ], 13, 3348
[ 1 1 3 1 7 1 7 6 1 ], 9, 1027
[ 1 1 1 1 1 8 1 1 1 1 1 ], 15, 1318944
[ 1 1 1 6 5 1 9 9 9 ], 20, 5647
[ 1 1 6 6 2 2 ], 3, 8
[ 1 2 1 1 3 1 1 ], 8, 973
[ 1 10 8 6 5 4 ], 22, 69
[ 3 4 5 5 6 7 ], 11, 6
[ 3 4 5 6 5 6 7 7 8 9 ], 37, 1492
[ 1 6 5 ], 5, 2
[ 6 4 6 8 2 4 6 2 4 6 ], 20, 822
[ 4 2 1 2 1 2 ], 7, 80
[ 1 4 2 4 2 1 ], 8, 86
[ 10 8 6 5 10 8 7 6 5 3 ], 45, 2105
[ 1 10 8 6 1 10 8 7 6 5 ], 19, 349
[ 1 6 6 4 1 6 ], 10, 39
[ 8 9 10 7 5 6 3 7 4 5 ], 57, 12725
[ 6 2 4 ], 4, 2
[ 1 6 4 2 1 2 ], 4, 15
[ 7 1 4 2 5 9 7 2 1 4 ], 9, 143
[ 1 7 7 4 7 1 9 7 2 7 ], 32, 12179
[ 12 10 8 16 6 4 12 2 10 8 ], 40, 1063
[ 1 12 10 1 16 6 16 12 12 10 ], 26, 330
[ 10 8 6 6 4 2 ], 12, 14
[ 12 4 8 ], 16, 4
[ 1 2 3 5 7 8 10 9 11 12 ], 5, 6
[ 1 2 1 1 3 2 1 1 ], 5, 228
[ 1 1 1 5 5 4 3 3 3 ], 8, 195
[ 1 1 1 1 2 1 1 1 2 2 2 1 ], 14, 722696
[ 1 1 2 1 1 2 1 2 1 ], 8, 3654
[ 1 1 1 5 5 5 3 1 ], 17, 5809
[ 1 1 5 5 1 7 ], 18, 733
[ 1 3 5 4 2 3 1 1 ], 14, 2047
[ 1 1 3 1 4 2 2 2 ], 9, 654
[ 1 2 1 4 2 2 ], 1, 2
[ 2 6 1 9 7 3 1 4 1 10 ], 37, 200942
[ 1 1 6 1 9 7 3 7 4 1 ], 22, 22489
[ 1 1 5 5 1 1 7 6 6 4 1 ], 15, 11207
[ 1 2 1 4 3 3 ], 6, 35
[ 3 5 8 4 5 9 10 8 5 3 4 ], 3, 2
[ 1 1 1 1 2 1 6 5 4 ], 1, 5
[ 1 1 8 7 7 7 5 5 3 3 3 ], 3, 7
[ 1 1 1 1 5 5 6 ], 2, 10
[ 1 1 1 1 2 2 5 5 ], 6, 196
[ 2 8 7 2 2 5 2 3 1 2 2 ], 22, 35430
[ 1 1 8 7 7 7 5 5 3 1 1 ], 2, 10
[ 1 1 9 10 1 1 1 1 5 ], 22, 131180
[ 2 7 9 5 1 3 5 ], 13, 63
[ 1 1 1 6 5 ], 13, 205
[ 1 5 1 6 1 ], 12, 165
[ 1 1 6 6 5 6 5 3 3 ], 8, 51
[ 1 1 2 1 1 ], 1, 4
[ 1 5 1 5 5 3 5 5 2 ], 16, 1034
[ 3 4 7 3 1 2 1 4 2 1 ], 11, 1450
[ 1 3 1 7 7 1 7 7 4 2 ], 9, 261
[ 1 4 7 3 1 2 1 4 2 1 ], 21, 94292
[ 1 1 1 7 7 1 7 7 4 2 ], 36, 526243
[ 1 1 1 3 2 ], 3, 14
[ 10 3 5 6 2 ], 23, 35
[ 1 10 3 5 3 ], 9, 13
[ 1 4 4 2 1 ], 2, 4
[ 1 2 1 2 1 1 ], 3, 28
[ 1 6 6 5 1 10 1 ], 10, 119
[ 2 1 8 1 2 4 ], 4, 15
[ 6 4 5 8 10 1 8 ], 9, 8
[ 1 1 4 1 8 8 1 ], 18, 3180
[ 7 1 4 2 5 1 6 4 1 5 ], 1, 3
[ 6 1 4 3 1 7 ], 10, 54
[ 1 6 1 6 3 1 ], 15, 542
[ 1 6 4 2 1 ], 12, 105
[ 1 1 6 4 4 ], 1, 2
[ 6 2 3 4 1 ], 14, 64
[ 2 2 1 2 1 6 10 6 4 8 ], 6, 58
[ 1 1 1 1 4 4 2 1 1 ], 5, 326
[ 8 7 3 5 6 2 3 4 2 ], 32, 4537
[ 1 1 3 3 1 7 ], 4, 21
[ 2 3 1 2 7 1 ], 6, 39
[ 1 1 3 3 2 2 ], 7, 74
[ 10 8 7 4 1 ], 11, 7
[ 1 1 2 1 3 1 1 6 6 ], 16, 23883
[ 1 1 2 3 5 1 1 ], 1, 4
[ 3 2 6 3 5 9 3 4 1 8 2 ], 33, 64693
[ 1 1 5 3 ], 7, 18
[ 1 1 1 2 2 1 ], 5, 108
[ 1 1 2 6 1 1 ], 8, 306
[ 1 1 2 2 2 ], 1, 2
[ 1 1 1 1 1 1 1 1 ], 6, 1716
[ 2 4 6 8 ], 18, 18
[ 1 1 1 2 5 2 3 1 ], 5, 121
[ 1 6 1 3 1 4 1 5 ], 15, 3458
[ 1 1 1 2 1 3 1 ], 3, 41
[ 1 1 1 1 2 1 3 ], 5, 182
[ 1 1 1 2 1 ], 2, 11
[ 1 1 1 1 2 1 1 1 1 ], 8, 8518
[ 6 4 3 2 3 ], 4, 2
[ 6 5 2 4 1 ], 3, 2
[ 3 4 7 3 1 3 1 4 2 ], 17, 2605
[ 1 1 4 4 3 4 3 1 1 ], 10, 1088
[ 8 7 2 5 3 1 ], 18, 124
[ 1 1 7 7 5 5 ], 9, 26
[ 1 1 3 3 ], 7, 24
[ 1 2 2 1 ], 4, 14
[ 1 2 1 3 1 ], 6, 64
[ 1 3 3 2 1 ], 7, 44
[ 1 3 2 ], 1, 1
[ 1 4 3 2 ], 6, 9
[ 1 1 2 3 4 5 ], 5, 19
[ 1 1 9 9 5 5 ], 19, 158
[ 1 1 1 1 2 1 6 5 ], 8, 847
[ 1 1 1 1 2 1 6 1 8 ], 19, 125394
[ 5 1 1 2 1 6 5 8 7 ], 23, 8691
[ 1 1 3 1 2 6 ], 1, 3
[ 5 3 4 2 6 8 ], 17, 33
[ 1 5 5 4 1 6 ], 17, 214
[ 1 1 2 3 4 5 6 7 8 9 ], 21, 2889
[ 1 8 7 6 5 4 3 2 ], 25, 1090
[ 1 2 3 4 5 6 7 8 ], 9, 29
[ 1 2 3 7 5 6 4 8 ], 9, 29
[ 1 3 2 7 5 6 4 8 ], 16, 186
[ 1 7 6 5 4 3 2 8 ], 21, 525
[ 1 2 6 5 4 3 7 8 ], 28, 1801
[ 1 2 3 5 4 6 7 8 ], 7, 15
[ 8 7 6 4 3 5 2 1 ], 23, 764
[ 8 7 3 5 4 6 2 1 ], 1, 1
[ 8 2 3 5 4 6 7 1 ], 35, 5066
[ 1 2 3 4 ], 1, 1
[ 3 2 1 ], 1, 1
[ 4 3 2 1 ], 7, 11
[ 3 2 1 ], 5, 5
[ 4 3 2 1 ], 6, 9
[ 7 6 5 4 3 2 1 ], 13, 82
[ 1 2 3 4 5 6 7 8 ], 12, 70
[ 1 2 3 7 5 6 4 8 ], 14, 116
[ 1 3 2 7 5 6 4 8 ], 15, 146
[ 8 7 6 5 4 3 2 1 ], 6, 11
[ 1 7 6 5 4 3 2 8 ], 15, 146
[ 1 2 6 5 4 3 7 8 ], 14, 116
[ 1 2 3 5 4 6 7 8 ], 18, 288
[ 8 7 6 5 4 3 2 1 ], 23, 764
[ 8 7 6 4 3 5 2 1 ], 27, 1527
[ 8 7 3 5 4 6 2 1 ], 16, 186
[ 8 2 3 5 4 6 7 1 ], 25, 1090
[ 1 2 3 4 5 6 7 ], 3, 3
[ 7 6 5 4 3 2 1 ], 5, 7
[ 1 2 3 4 5 6 7 ], 17, 201
[ 1 2 3 ], 5, 5
[ 2 4 3 1 ], 7, 11
[ 1 2 3 4 ], 4, 5
[ 1 2 3 ], 3, 3
[ 4 2 4 3 1 ], 12, 55
[ 1 1 1 5 4 2 2 1 5 4 2 ], 11, 4262
[ 1 5 2 2 2 5 5 4 ], 20, 1786
[ 4 2 2 2 1 1 ], 8, 126
[ 2 2 1 2 5 3 1 ], 1, 2
[ 2 2 4 3 1 ], 11, 66
[ 3 2 2 1 ], 2, 3
[ 1 2 2 3 ], 1, 1
[ 2 4 2 3 2 3 ], 12, 94
[ 2 2 4 3 4 1 ], 6, 20
[ 1 1 2 1 3 2 ], 6, 97
[ 5 3 4 2 2 2 2 ], 5, 5
[ 1 3 5 1 2 5 1 ], 3, 14
[ 1 2 3 1 5 2 2 4 2 ], 11, 988
[ 2 1 2 3 1 2 3 ], 6, 73
[ 1 2 1 ], 1, 2
[ 3 4 5 5 2 1 ], 14, 98
[ 3 4 5 2 5 2 1 1 2 1 ], 15, 8399
[ 1 3 2 ], 5, 5
[ 1 5 2 4 1 5 ], 5, 16
[ 2 2 2 4 2 2 2 ], 8, 148
[ 1 1 4 2 ], 2, 4
[ 2 1 3 ], 1, 1
[ 2 1 1 5 2 3 1 4 5 ], 5, 63
[ 2 4 2 ], 2, 2
[ 2 1 2 3 2 1 4 5 ], 17, 3680
[ 1 1 2 1 3 ], 1, 3
[ 1 1 1 2 2 3 ], 1, 3
[ 3 5 2 4 5 1 2 5 3 4 ], 25, 12260
[ 1 3 1 1 ], 1, 3
[ 2 1 2 2 2 1 ], 5, 42
[ 2 2 1 2 2 5 2 2 ], 6, 85
[ 2 2 1 2 2 5 2 3 1 2 2 ], 2, 10
[ 2 1 1 5 1 3 5 ], 7, 109
[ 5 1 2 5 1 ], 1, 2
[ 5 1 5 1 2 ], 6, 20
[ 3 4 1 3 1 2 1 4 2 1 ], 1, 4
[ 1 4 1 3 1 2 1 4 2 1 ], 11, 7680
[ 1 2 3 2 4 ], 1, 1
[ 5 3 2 ], 3, 1
[ 3 2 1 2 ], 4, 7
[ 2 1 2 1 2 4 ], 2, 6
[ 1 1 2 ], 1, 2
[ 2 1 5 4 3 1 3 4 1 ], 23, 32996
[ 3 1 3 4 1 2 1 5 4 ], 5, 55
[ 2 2 1 2 1 2 2 4 2 ], 2, 9
[ 2 1 3 5 2 2 3 4 2 ], 23, 16644
[ 2 3 1 2 1 1 ], 6, 97
[ 1 1 1 1 ], 3, 20
[ 1 4 1 2 ], 4, 10
[ 1 1 2 ], 2, 4
[ 2 1 1 ], 2, 4
[ 1 1 1 1 2 ], 5, 80
[ 1 2 3 1 2 1 ], 7, 153
[ 3 2 2 3 5 1 3 4 1 2 2 ], 15, 8889
[ 1 1 2 2 ], 5, 20
[ 1 2 3 2 ], 1, 1
[ 1 3 5 2 2 1 ], 5, 26
[ 1 2 4 5 1 2 1 ], 8, 222
[ 2 4 3 2 3 ], 2, 2
[ 2 5 2 4 1 ], 12, 66
[ 1 1 1 1 1 1 ], 1, 6
[ 3 4 1 3 1 3 1 4 2 ], 5, 61
[ 2 1 2 5 3 1 ], 9, 125
[ 5 3 4 2 2 2 ], 16, 175
[ 4 3 2 1 4 2 ], 10, 75
[ 1 2 5 4 3 2 1 ], 5, 28
[ 5 1 2 1 2 5 4 ], 6, 39
[ 2 1 4 3 2 ], 3, 4
[ 3 2 2 1 5 1 ], 5, 26
[ 3 5 2 1 2 1 ], 2, 5
[ 3 5 1 2 2 1 ], 8, 89
[ 3 5 2 1 2 1 ], 6, 41
[ 1 5 2 1 2 3 ], 6, 41
[ 1 1 1 3 2 ], 6, 64
[ 2 1 1 3 1 ], 3, 14
[ 2 2 3 4 1 ], 1, 1
[ 1 2 4 2 1 ], 8, 70
[ 2 1 4 3 1 1 ], 7, 109
[ 1 3 3 1 ], 2, 3
[ 1 1 ], 1, 2
[ 4 2 1 2 3 ], 2, 3
[ 3 4 1 3 1 3 1 4 2 2 ], 19, 33561
[ 1 2 3 1 2 3 ], 11, 302
[ 1 2 3 8 7 4 ], 17, 119
[ 3 2 8 6 9 5 1 3 ], 10, 43
[ 8 2 7 5 3 2 ], 2, 2
[ 1 1 4 1 2 ], 3, 13
[ 3 2 1 8 ], 13, 26
[ 3 1 4 2 4 1 4 ], 8, 80
[ 1 2 6 3 1 3 3 ], 8, 89
[ 7 6 5 4 3 2 1 1 ], 17, 929
[ 2 3 2 1 3 4 ], 14, 247
[ 5 3 4 2 6 8 3 ], 17, 76
[ 5 4 1 6 2 1 ], 18, 498
[ 2 4 6 4 2 1 ], 18, 342
[ 7 4 1 5 1 7 6 1 4 1 10 ], 33, 268773
[ 6 4 4 2 1 ], 15, 56
[ 2 3 1 5 1 4 2 1 4 ], 17, 8913
[ 4 2 2 3 7 1 ], 13, 122
[ 10 5 2 1 1 ], 1, 2
[ 2 3 4 10 1 6 9 12 ], 13, 60
[ 2 4 3 1 1 ], 9, 71
[ 3 2 8 6 9 5 ], 22, 47
[ 3 2 9 5 8 6 1 3 ], 14, 129
[ 1 9 3 5 7 ], 18, 35
[ 2 1 5 8 7 5 1 6 ], 34, 9866
[ 5 3 2 4 1 ], 2, 2
[ 7 5 3 2 8 2 ], 8, 9
[ 2 3 1 5 ], 2, 2
[ 5 2 3 1 ], 6, 8
[ 4 4 1 ], 1, 1
[ 4 1 2 1 1 ], 4, 23
[ 4 5 4 3 1 ], 13, 35
[ 3 2 1 2 1 ], 5, 25
[ 2 4 2 1 ], 6, 13
[ 8 3 2 1 ], 6, 7
[ 4 2 4 4 3 1 1 ], 14, 526
[ 6 3 1 3 3 1 2 ], 1, 2
[ 1 1 7 6 5 4 3 2 ], 11, 181
[ 1 3 4 2 3 2 ], 6, 22
[ 1 4 4 2 3 1 ], 4, 13
[ 3 2 6 1 4 1 ], 11, 139
[ 1 2 9 3 1 ], 5, 16
[ 6 4 2 2 2 4 6 1 ], 25, 4237
[ 1 2 6 3 1 ], 4, 11
[ 2 1 8 3 1 ], 7, 31
[ 6 2 1 ], 2, 2
[ 12 14 16 14 12 10 ], 66, 45
[ 5 1 5 3 2 4 4 2 1 ], 10, 301
[ 1 2 2 4 ], 5, 7
[ 3 9 1 7 5 ], 16, 26
[ 3 7 1 7 3 ], 6, 6
[ 2 5 7 1 4 2 ], 11, 55
[ 3 7 7 3 1 ], 15, 36
[ 4 4 2 1 5 1 5 3 2 ], 17, 2957
[ 4 1 2 2 ], 2, 3
[ 7 5 3 9 1 ], 14, 19
[ 4 2 2 5 7 1 ], 13, 89
[ 7 3 1 3 7 ], 4, 3
[ 5 1 7 6 1 4 1 10 1 7 4 ], 11, 915
[ 2 2 1 4 3 1 1 1 ], 3, 29
[ 2 1 6 5 4 2 5 1 1 ], 13, 1669
[ 6 6 6 6 1 5 7 ], 30, 377
[ 1 6 5 5 1 ], 6, 12
[ 10 20 20 1 ], 20, 5
[ 10 8 15 1 ], 8, 2
[ 5 6 5 3 5 3 5 2 1 ], 5, 11
[ 1 3 3 1 5 ], 6, 20
[ 5 2 5 6 5 3 5 3 1 ], 19, 854
[ 5 1 3 3 1 ], 9, 49
[ 3 2 7 4 5 ], 6, 3
[ 4 5 3 2 7 ], 18, 31
[ 4 8 8 1 ], 20, 20
[ 6 1 7 3 ], 6, 4
[ 4 4 2 1 6 ], 12, 39
[ 1 4 2 1 4 2 3 1 5 ], 16, 6580
[ 2 3 7 1 4 2 ], 14, 158
[ 2 3 5 6 1 1 1 1 1 ], 15, 18234
[ 1 2 3 4 1 1 1 ], 1, 4
[ 7 5 2 1 2 ], 2, 3
[ 2 7 5 2 1 ], 7, 14
[ 3 4 10 1 6 9 12 2 ], 11, 36
[ 6 8 2 3 4 1 1 1 1 ], 20, 25477
[ 1 2 3 1 ], 2, 4
[ 2 1 3 1 ], 1, 2
[ 1 4 2 3 1 ], 8, 53
[ 2 3 1 4 1 ], 1, 2
[ 3 2 1 4 1 ], 6, 27
[ 4 1 2 3 1 ], 4, 12
[ 2 1 6 5 4 5 1 1 ], 21, 6556
[ 4 1 2 3 5 ], 10, 30
[ 9 5 1 3 3 2 8 6 ], 23, 846
[ 9 5 3 2 8 6 ], 16, 19
[ 9 5 8 6 1 3 3 2 ], 32, 3633
[ 2 7 1 3 4 2 ], 14, 158
[ 3 5 7 1 9 ], 18, 35
[ 5 1 6 2 1 5 8 7 ], 32, 7389
[ 3 4 2 2 7 1 ], 1, 1
[ 2 4 3 ], 2, 1
[ 3 1 2 1 ], 3, 7
[ 2 1 2 ], 4, 6
[ 4 2 2 4 1 ], 4, 8
[ 6 4 2 2 4 6 1 ], 17, 299
[ 6 4 2 2 1 ], 4, 7
[ 4 2 2 4 6 1 ], 11, 58
[ 6 4 2 2 4 1 ], 17, 233
[ 6 2 4 6 1 ], 14, 44
[ 8 4 2 8 1 ], 3, 2
[ 4 1 2 7 1 ], 6, 20
[ 4 6 1 4 2 ], 9, 16
[ 4 7 1 2 1 ], 6, 20
[ 7 1 4 1 2 ], 2, 4
[ 4 2 4 6 1 ], 1, 1
[ 4 2 4 3 1 1 ], 6, 31
[ 2 3 ], 3, 1
[ 1 4 1 5 ], 10, 30
[ 4 2 3 1 1 4 ], 14, 366
[ 3 1 4 2 1 4 ], 6, 31
[ 1 1 4 5 ], 9, 24
[ 4 2 6 2 4 1 ], 7, 17
[ 2 3 2 1 4 1 ], 7, 65
[ 4 1 4 2 3 1 ], 2, 4
[ 3 5 3 4 2 6 8 ], 27, 420
[ 1 6 2 1 5 4 ], 4, 10
[ 1 2 2 1 2 1 1 1 1 1 1 1 ], 4, 636
[ 2 5 3 7 8 1 9 ], 12, 42
[ 1 2 2 3 7 1 1 ], 13, 1342
[ 5 7 4 9 8 10 ], 15, 4
[ 1 5 1 4 4 8 ], 4, 7
[ 7 5 3 4 ], 15, 6
[ 2 7 3 5 4 6 8 ], 21, 91
[ 1 2 2 3 3 4 6 ], 4, 9
[ 1 1 1 1 1 2 2 2 ], 2, 18
[ 1 5 2 5 1 1 1 5 ], 4, 46
[ 1 1 7 4 1 1 1 1 ], 10, 3542
[ 1 1 6 1 9 7 7 1 1 1 ], 13, 10418
[ 1 8 8 2 2 2 ], 21, 484
[ 1 5 10 20 40 80 ], 141, 1154
[ 1 1 8 8 2 8 3 ], 20, 730
[ 6 1 5 1 ], 5, 7
[ 1 6 6 5 ], 11, 7
[ 1 3 3 2 ], 3, 4
[ 1 1 1 3 3 1 1 ], 6, 283
[ 1 1 1 1 1 2 2 ], 6, 399
[ 1 2 1 3 1 3 ], 10, 379
[ 1 2 3 1 1 1 ], 7, 250
[ 1 1 4 4 3 2 ], 2, 4
[ 1 1 6 1 1 1 ], 7, 335
[ 1 1 1 1 1 1 1 ], 1, 7
[ 6 4 2 2 1 2 4 6 ], 17, 735
[ 1 4 2 3 2 2 1 ], 9, 239
[ 1 1 1 2 2 ], 6, 80
[ 1 1 3 1 1 2 6 ], 4, 50
[ 1 5 5 4 2 1 1 ], 3, 13
[ 1 1 2 3 3 5 5 3 4 ], 9, 182
[ 1 1 1 2 2 5 5 2 4 ], 11, 1355
[ 1 1 1 5 5 4 ], 1, 3
[ 1 6 1 30 ], 7, 10
[ 1 2 4 6 8 ], 15, 38
[ 1 3 4 4 5 6 ], 10, 22
[ 1 3 4 5 4 5 6 6 7 8 ], 41, 20664
[ 1 3 6 ], 4, 2
[ 1 1 1 2 1 1 ], 1, 5
[ 1 1 1 6 1 1 4 1 2 1 ], 9, 7925
[ 1 1 1 1 2 5 5 1 1 1 ], 7, 2327
[ 1 8 6 ], 7, 2
[ 1 1 2 3 5 7 8 8 9 11 ], 45, 89208
[ 1 2 1 1 1 1 1 1 1 1 ], 5, 1461
[ 1 1 1 7 7 4 4 4 1 4 1 ], 4, 74
[ 1 3 5 3 4 5 9 5 4 1 3 ], 30, 53845
[ 1 5 1 1 1 1 1 1 1 ], 7, 3468
[ 1 2 7 2 1 1 3 ], 16, 3080
[ 1 5 1 1 5 ], 10, 111
[ 1 1 3 3 5 ], 2, 3
[ 1 10 8 ], 18, 5
[ 1 8 6 4 ], 8, 5
[ 1 1 8 1 ], 8, 46
[ 1 1 1 5 5 3 5 3 3 ], 1, 3
[ 1 3 1 3 3 1 1 1 5 ], 18, 50065
[ 1 2 2 1 1 1 1 10 10 10 ], 36, 2493775
[ 1 1 7 3 5 3 2 7 4 ], 3, 8
[ 1 1 4 3 ], 8, 26
[ 1 1 4 7 8 ], 6, 10
[ 1 1 7 ], 8, 11
[ 1 1 1 1 1 1 5 1 1 ], 11, 33548
[ 10 1 5 1 2 ], 14, 112
[ 1 1 1 1 1 1 3 ], 5, 273
[ 1 10 7 7 7 ], 8, 4
[ 1 1 3 3 4 1 2 2 3 3 ], 5, 85
[ 1 1 2 1 1 1 ], 1, 5
[ 1 3 2 1 3 1 9 3 9 9 8 ], 30, 127153
[ 1 3 5 6 8 9 15 ], 22, 93
[ 1 1 3 5 6 8 9 ], 5, 10
[ 1 2 4 6 ], 10, 16
[ 1 3 4 1 1 6 1 2 ], 14, 4331
[ 1 1 4 3 2 ], 3, 7
[ 1 1 5 5 4 ], 15, 110
[ 1 3 5 3 4 9 ], 9, 19
[ 1 2 1 4 3 ], 9, 71
[ 1 1 3 3 2 1 ], 6, 79
[ 1 1 2 3 4 5 6 7 ], 22, 2799
[ 1 1 1 1 1 1 1 2 ], 6, 1163
[ 1 1 2 3 3 4 6 7 ], 18, 1600
[ 1 8 7 6 4 6 5 2 ], 11, 35
[ 1 8 7 7 5 7 6 2 ], 38, 2761
[ 1 8 8 8 5 8 8 7 ], 33, 387
[ 9 3 5 2 8 6 ], 18, 28
[ 1 1 3 3 1 8 ], 9, 148
[ 9 3 5 2 8 6 1 3 ], 28, 1969
[ 1 1 3 3 2 2 2 1 ], 6, 160
[ 1 1 1 1 1 1 5 ], 1, 6
[ 1 1 3 5 1 ], 4, 18
[ 5 1 2 1 6 5 8 7 ], 16, 395
[ 1 3 3 6 3 5 ], 10, 29
[ 1 3 5 6 6 6 ], 13, 28
[ 1 1 5 6 7 1 ], 16, 451
[ 1 1 8 7 3 1 ], 15, 451
[ 5 1 3 2 4 ], 10, 30
[ 1 5 5 3 5 ], 15, 40
[ 1 1 1 1 2 1 1 1 1 1 ], 4, 541
[ 1 5 2 3 7 6 4 5 ], 32, 4380
[ 4 6 4 2 1 ], 7, 9
[ 4 2 1 2 4 ], 3, 3
[ 6 4 2 1 2 4 6 ], 15, 189
[ 1 1 1 1 1 2 4 ], 4, 87
[ 6 4 2 1 2 ], 14, 95
[ 4 2 1 2 4 6 ], 8, 33
[ 1 1 1 1 1 2 ], 4, 86
[ 6 1 2 4 6 ], 16, 61
[ 1 1 1 2 4 ], 8, 118
[ 8 4 2 1 8 ], 13, 24
[ 1 1 1 4 1 9 5 1 ], 10, 1363
[ 1 8 8 2 8 3 ], 18, 91
[ 4 1 4 ], 1, 1
[ 1 4 4 4 2 ], 10, 30
[ 1 1 5 4 4 ], 11, 55
[ 1 1 7 4 1 9 5 5 ], 2, 6
[ 1 1 7 7 1 9 9 9 ], 16, 395
[ 3 2 1 1 2 ], 5, 25
[ 1 3 2 2 3 ], 2, 3
[ 1 1 3 ], 3, 5
[ 2 4 1 2 ], 7, 13
[ 1 1 5 1 5 ], 8, 65
[ 1 1 6 6 3 ], 1, 2
[ 3 7 2 1 ], 2, 2
[ 1 1 7 2 ], 10, 42
[ 3 8 2 1 ], 10, 16
[ 6 9 5 1 ], 15, 10
[ 1 1 9 5 ], 14, 37
[ 4 2 3 4 1 1 4 ], 13, 398
[ 1 4 2 1 4 4 1 ], 15, 1603
[ 1 6 3 1 2 3 3 ], 6, 41
[ 7 6 1 5 4 3 2 1 ], 5, 19
[ 1 4 4 1 2 3 ], 9, 91
[ 1 1 1 4 4 4 ], 1, 3
[ 1 1 1 5 5 5 ], 5, 24
[ 3 2 6 1 1 4 ], 2, 4
[ 1 3 1 6 6 6 ], 20, 357
[ 1 4 1 7 7 7 ], 2, 3
[ 1 2 8 3 ], 1, 1
[ 1 2 9 1 3 ], 15, 197
[ 1 1 3 3 3 ], 2, 3
[ 1 2 2 1 1 ], 5, 50
[ 1 6 6 4 6 4 ], 6, 6
[ 1 1 1 5 3 ], 6, 42
[ 4 2 6 1 2 4 ], 6, 17
[ 1 6 7 4 2 1 ], 10, 72
[ 1 1 1 8 8 3 1 ], 1, 4
[ 6 1 4 1 3 1 7 ], 3, 11
[ 1 6 6 4 4 3 1 ], 11, 101
[ 1 1 1 1 5 1 1 ], 10, 3256
[ 1 1 2 6 3 ], 3, 7
[ 1 1 1 1 7 ], 10, 306
[ 2 1 1 8 3 ], 7, 31
[ 1 2 2 1 8 ], 3, 8
[ 2 1 3 2 1 4 ], 2, 5
[ 4 1 1 4 2 3 ], 8, 66
[ 1 5 5 4 4 1 1 ], 13, 476
[ 5 3 4 2 3 6 8 ], 7, 5
[ 1 3 5 7 8 5 9 15 ], 42, 2053
[ 1 1 1 1 1 8 1 1 ], 8, 3004
[ 1 3 2 7 5 7 6 4 8 ], 13, 100
[ 1 6 5 2 4 1 ], 7, 32
[ 10 8 6 5 4 2 ], 28, 98
[ 2 4 6 8 10 ], 18, 23
[ 1 1 1 1 6 1 1 1 1 1 ], 4, 495
[ 4 7 9 ], 13, 1
[ 1 1 5 5 4 1 ], 1, 3
[ 1 7 1 ], 7, 9
[ 3 6 7 9 10 13 ], 19, 9
[ 1 6 1 1 8 8 8 6 6 8 ], 46, 138559
[ 4 2 1 ], 2, 2
[ 1 4 2 ], 3, 2
[ 1 1 6 ], 2, 3
[ 6 1 2 ], 3, 2
[ 7 9 13 4 8 10 ], 44, 49
[ 6 1 4 3 6 1 ], 11, 72
[ 1 1 1 10 7 7 6 10 7 7 ], 49, 153770
[ 1 6 6 ], 1, 1
[ 1 10 8 10 8 6 8 6 6 4 ], 28, 541
[ 6 4 2 1 2 4 ], 13, 97
[ 8 4 2 ], 6, 2
[ 1 10 8 8 6 4 ], 6, 3
[ 1 1 1 1 1 1 1 10 1 1 ], 13, 203655
[ 1 1 2 2 1 1 1 2 1 1 1 1 ], 6, 4768
[ 1 1 1 2 2 1 2 1 2 ], 1, 5
[ 1 5 1 1 5 5 5 3 3 ], 25, 21638
[ 1 1 1 7 7 ], 7, 38
[ 1 1 1 4 1 4 2 2 1 ], 2, 17
[ 1 1 1 4 ], 2, 6
[ 7 3 9 5 1 ], 5, 3
[ 1 7 3 7 5 ], 1, 1
[ 2 5 4 2 7 1 ], 12, 74
[ 7 3 7 3 1 ], 10, 16
[ 1 7 3 7 3 ], 18, 57
[ 1 5 7 1 4 7 6 1 4 1 10 ], 14, 2581
[ 8 7 2 5 3 2 ], 7, 6
[ 1 2 1 2 1 4 3 1 ], 13, 5359
[ 1 1 1 8 8 1 1 10 8 5 5 ], 44, 3660840
[ 5 1 1 2 1 6 5 4 2 ], 7, 155
[ 1 1 4 4 1 ], 3, 10
[ 6 1 6 6 6 7 ], 31, 217
[ 1 6 1 1 1 1 ], 2, 15
[ 1 6 1 6 1 1 1 ], 2, 15
[ 1 1 8 7 1 8 1 1 ], 11, 1505
[ 1 1 1 1 12 12 12 9 12 ], 14, 776
[ 1 2 2 1 1 2 1 2 1 1 1 ], 13, 182468
[ 1 1 1 1 5 5 1 ], 14, 4700
[ 1 1 1 9 5 5 9 ], 5, 23
[ 5 3 6 5 18 ], 8, 2
[ 1 1 1 10 ], 1, 3
[ 1 1 4 4 3 3 2 1 1 1 ], 20, 179404
[ 1 5 3 ], 8, 5
[ 1 1 3 1 3 ], 7, 75
[ 5 6 5 5 3 5 3 2 1 ], 28, 5604
[ 1 1 1 5 1 ], 2, 10
[ 1 1 1 5 5 ], 12, 181
[ 3 6 7 8 10 12 15 18 100 ], 24, 20
[ 1 1 1 1 1 1 1 1 1 ], 6, 3003
[ 8 4 ], 4, 1
[ 1 1 1 1 6 ], 2, 10
[ 1 1 3 1 7 ], 4, 18
[ 4 3 2 7 5 ], 3, 1
[ 1 1 1 8 1 2 ], 5, 80
[ 1 7 1 7 2 2 7 6 6 6 ], 5, 20
[ 6 1 3 7 ], 16, 19
[ 1 2 1 1 4 4 1 1 4 ], 1, 5
[ 1 1 2 1 2 1 6 1 6 4 ], 15, 27931
[ 1 8 8 8 8 6 6 3 3 ], 24, 475
[ 1 1 1 1 2 1 6 5 1 ], 4, 148
[ 2 3 4 2 7 1 ], 9, 42
[ 2 1 2 1 4 3 1 1 ], 7, 399
[ 1 1 5 ], 5, 7
[ 7 4 1 ], 5, 2
[ 1 2 1 3 1 5 6 1 1 ], 1, 5
[ 1 1 1 1 1 5 5 ], 12, 2525
[ 1 1 2 1 1 3 4 ], 11, 1445
[ 1 1 1 2 2 1 1 ], 1, 5
[ 10 7 1 1 6 ], 10, 21
[ 1 3 5 4 8 2 4 3 6 5 ], 36, 38312
[ 1 1 1 5 1 8 8 4 8 6 ], 41, 524652
[ 1 1 1 3 3 2 ], 4, 28
[ 1 5 1 1 5 3 3 3 5 ], 12, 872
[ 1 1 1 6 6 5 5 5 4 1 4 ], 7, 198
[ 1 8 7 7 5 3 ], 23, 107
[ 1 5 1 1 8 1 ], 9, 259
[ 1 7 7 5 2 ], 21, 85
[ 1 1 1 2 ], 1, 3
[ 5 2 6 8 1 9 ], 30, 346
[ 7 2 5 2 1 ], 2, 3
[ 2 8 10 15 16 30 32 64 ], 151, 2369
[ 5 8 9 11 12 15 ], 23, 4
[ 5 10 20 40 80 ], 140, 140
[ 1 6 4 ], 6, 3
[ 1 10 4 10 10 6 10 8 ], 44, 1054
[ 10 4 2 5 6 3 8 1 ], 30, 2081
[ 3 4 10 1 6 9 2 12 ], 40, 4465
[ 1 1 1 10 10 10 9 1 ], 41, 68556
[ 1 6 1 8 8 3 8 4 4 ], 2, 3
[ 2 1 1 1 1 1 ], 5, 166
[ 1 2 1 1 1 1 ], 1, 5
[ 1 1 6 6 3 6 4 6 ], 2, 3
[ 1 1 1 1 2 1 ], 4, 86
[ 1 1 2 1 3 1 ], 3, 25
[ 1 1 1 2 1 3 ], 8, 386
[ 6 1 8 2 3 1 4 1 1 ], 23, 53113
[ 1 6 6 2 2 ], 6, 12
[ 1 3 1 2 ], 5, 16
[ 1 2 1 3 ], 6, 23
[ 1 1 2 1 ], 3, 13
[ 2 1 1 3 ], 1, 2
[ 1 2 1 1 ], 4, 22
[ 3 1 1 2 ], 2, 4
[ 1 3 3 3 ], 3, 4
[ 1 1 4 2 3 ], 6, 27
[ 1 1 1 4 4 ], 10, 140
[ 1 2 3 1 4 ], 5, 18
[ 1 1 1 3 1 ], 4, 39
[ 1 4 1 2 3 ], 5, 18
[ 1 1 4 4 4 ], 6, 16
[ 2 1 3 1 4 ], 7, 38
[ 2 3 1 1 4 ], 6, 27
[ 1 1 3 3 1 ], 5, 33
[ 3 1 2 1 4 ], 4, 12
[ 3 2 1 1 4 ], 9, 71
[ 1 3 2 2 1 ], 4, 16
[ 1 4 4 4 4 ], 5, 5
[ 4 1 1 2 3 ], 7, 38
[ 1 4 1 4 4 ], 10, 50
[ 1 5 4 3 2 ], 1, 1
[ 1 6 5 4 3 2 ], 3, 3
[ 1 1 2 3 ], 6, 23
[ 9 6 8 3 7 ], 20, 6
[ 1 9 9 8 8 ], 9, 5
[ 6 9 2 5 1 4 ], 13, 40
[ 3 5 8 4 9 10 ], 20, 16
[ 1 1 1 8 1 1 ], 8, 496
[ 5 1 1 2 1 6 5 4 ], 4, 23
[ 1 1 3 5 7 ], 8, 25
[ 1 2 4 3 1 ], 6, 27
[ 1 1 2 2 1 ], 3, 16
[ 1 5 1 1 1 1 1 5 5 ], 14, 18390
[ 1 5 5 4 1 1 ], 2, 6
[ 1 1 2 3 4 ], 3, 7
[ 1 1 2 1 4 ], 5, 37
[ 1 1 1 1 7 7 6 1 ], 7, 337
[ 1 1 3 1 7 7 6 1 ], 2, 10
[ 1 2 6 5 4 9 3 7 8 ], 1, 1
[ 2 3 4 ], 2, 1
[ 7 8 9 ], 16, 2
[ 1 2 6 5 4 9 3 7 8 ], 19, 393
[ 2 3 4 ], 7, 2
[ 3 4 5 ], 9, 2
[ 4 5 ], 4, 1
[ 1 2 3 4 5 6 ], 20, 282
[ 5 4 3 2 1 ], 9, 23
[ 6 5 4 3 2 1 ], 10, 35
[ 1 2 3 4 5 6 ], 3, 3
[ 5 4 3 2 1 ], 6, 10
[ 6 5 4 3 2 1 ], 15, 110
[ 1 2 3 4 5 6 7 8 9 10 ], 17, 267
[ 1 2 3 4 5 6 7 8 9 10 ], 3, 3
[ 1 2 3 4 5 ], 3, 3
[ 1 2 3 5 4 ], 9, 23
[ 2 1 ], 1, 1
[ 7 6 ], 7, 1
[ 1 2 ], 2, 2
[ 3 5 2 4 1 ], 3, 3
[ 3 5 2 4 1 ], 9, 23
[ 1 2 3 4 5 ], 7, 13
[ 2 3 5 2 5 1 1 2 1 2 3 2 5 2 5 ], 3, 30
[ 4 5 4 1 3 ], 14, 41
[ 1 3 1 ], 4, 7
[ 3 1 2 1 ], 6, 23
[ 2 1 5 1 ], 7, 24
[ 1 2 3 1 2 3 3 ], 1, 2
[ 1 2 1 5 4 3 2 1 ], 13, 1932
[ 2 1 3 4 3 2 ], 4, 9
[ 1 2 3 3 ], 2, 2
[ 1 2 1 4 2 1 ], 7, 136
[ 2 1 4 1 3 1 1 ], 2, 11
[ 5 3 4 2 3 2 2 ], 2, 3
[ 1 3 2 1 5 1 2 4 2 ], 9, 697
[ 1 2 5 2 4 1 ], 10, 149
[ 4 1 1 ], 5, 8
[ 1 2 5 ], 6, 5
[ 3 2 1 1 ], 6, 23
[ 2 1 4 3 2 1 ], 9, 136
[ 1 2 3 5 1 2 1 ], 1, 3
[ 5 5 5 4 4 3 1 2 2 ], 12, 223
[ 5 1 4 5 4 2 3 1 2 ], 2, 5
[ 1 2 4 2 ], 3, 3
[ 1 3 1 5 1 ], 2, 6
[ 2 5 4 2 1 1 ], 12, 263
[ 1 3 1 3 1 ], 4, 21
[ 2 1 2 5 3 2 ], 13, 225
[ 2 1 4 3 1 2 ], 3, 9
[ 1 4 4 ], 1, 1
[ 2 4 2 2 5 ], 8, 22
[ 2 1 2 5 2 2 1 ], 10, 421
[ 1 1 1 1 1 5 1 ], 7, 813
[ 5 3 2 5 ], 3, 1
[ 1 3 5 3 1 ], 4, 9
[ 2 4 ], 2, 1
[ 4 3 2 1 5 ], 10, 30
[ 2 1 3 4 1 2 1 5 4 ], 10, 772
[ 2 4 3 2 ], 5, 2
[ 1 5 1 ], 2, 3
[ 1 4 1 ], 2, 3
[ 5 3 1 ], 4, 2
[ 1 1 1 ], 2, 6
[ 1 3 5 4 2 2 4 3 2 5 ], 30, 67572
[ 5 4 5 5 3 1 2 2 4 ], 5, 14
[ 5 2 2 2 1 1 ], 11, 304
[ 1 2 5 2 1 ], 4, 14
[ 2 5 3 1 ], 9, 16
[ 1 2 2 ], 3, 3
[ 1 2 4 ], 2, 2
[ 3 4 1 2 1 2 ], 7, 65
[ 1 3 5 1 2 1 ], 11, 406
[ 1 2 2 3 1 ], 3, 9
[ 2 1 2 5 1 4 ], 5, 23
[ 2 2 1 ], 3, 3
[ 1 1 1 1 1 ], 2, 15
[ 1 3 5 2 2 2 ], 4, 11
[ 1 3 5 2 2 2 1 3 ], 3, 12
[ 1 3 5 1 1 ], 9, 112
[ 5 1 2 1 2 5 2 1 ], 8, 332
[ 2 3 4 2 1 1 ], 5, 27
[ 1 3 2 5 ], 10, 20
[ 1 5 2 3 1 2 4 5 ], 22, 6828
[ 2 1 3 1 ], 6, 23
[ 4 1 1 2 1 ], 5, 37
[ 2 5 1 ], 7, 6
[ 4 2 4 2 1 ], 12, 80
[ 5 6 1 ], 10, 4
[ 4 3 6 2 3 ], 17, 38
[ 30 20 10 ], 31, 0
[ 4 8 12 ], 13, 0
[ 12 8 4 ], 19, 0
[ 5 6 10 3 2 ], 22, 33
[ 20 10 30 ], 32, 0
[ 7 8 3 10 9 7 8 ], 47, 225
[ 1 9 7 9 7 9 8 ], 21, 32
[ 1 3 4 ], 6, 4
[ 1 7 9 1 4 8 ], 27, 487
[ 1 10 8 7 4 ], 6, 2
[ 1 8 7 ], 13, 3
[ 1 1 20 20 ], 9, 10
[ 1 10 8 6 5 4 ], 31, 200
[ 1 6 5 ], 4, 1
[ 6 4 6 8 2 4 6 2 4 6 ], 27, 0
[ 6 8 10 12 2 4 6 6 8 10 ], 63, 0
[ 1 1 1 1 12 12 12 12 12 12 ], 8, 165
[ 1 6 6 4 1 6 ], 9, 30
[ 10 8 6 6 4 2 ], 25, 0
[ 12 4 8 ], 2, 0
[ 1 10 3 5 3 ], 2, 1
[ 2 4 6 ], 7, 0
[ 8 7 1 ], 6, 1
[ 2 4 6 8 ], 13, 0
[ 1 1 7 7 5 5 ], 23, 372
[ 1 4 3 ], 6, 4
[ 20 30 10 ], 36, 0
[ 2 2 ], 1, 0
[ 115 ], 95, 0
[ 20 5 10 40 15 25 ], 7, 0
[ 200 50 100 400 150 250 ], 20, 0
[ 10 20 30 80 70 40 ], 234, 0
[ 100 ], 78, 0
[ 600 ], 390, 0
[ 30 6 20 10 ], 18, 1
[ 14 12 10 12 14 16 ], 15, 0
[ 8 4 1 8 ], 19, 14
[ 1 6 5 1 ], 9, 19
[ 12 14 16 14 12 10 ], 21, 0
[ 3 7 7 3 1 ], 5, 3
[ 7 5 3 9 1 ], 2, 1
[ 7 3 3 7 1 ], 2, 1
[ 7 3 1 3 7 ], 2, 1
[ 1 6 5 5 1 ], 4, 5
[ 10 8 15 1 ], 6, 1
[ 51 ], 45, 0
[ 1 1 4 5 ], 8, 19
[ 76 ], 31, 0
[ 1 5 10 20 40 80 ], 118, 598
[ 1 8 10 12 ], 28, 14
[ 1 6 8 ], 10, 3
[ 62 ], 6, 0
[ 1 12 4 ], 2, 1
[ 1 18 16 ], 27, 3
[ 1 5 1 1 5 ], 4, 15
[ 1 15 1 1 ], 7, 36
[ 131 ], 111, 0
[ 111 ], 53, 0
[ 103 ], 52, 0
[ 1 10 10 5 5 ], 7, 3
[ 1 10 7 7 7 ], 9, 4
[ 1 2 6 10 18 54 ], 48, 369
[ 57 ], 45, 0
[ 106 ], 49, 0
[ 74 ], 71, 0
[ 63 ], 47, 0
[ 1 2 6 18 36 54 ], 70, 549
[ 75 ], 63, 0
[ 1 5 10 20 40 ], 24, 10
[ 1 1 5 5 4 ], 13, 74
[ 1 8 8 8 5 8 8 7 ], 18, 43
[ 1 9 9 7 9 8 ], 3, 1
[ 1 5 5 3 5 ], 2, 1
[ 1 1 7 7 1 9 9 9 ], 22, 1268
[ 1 8 8 7 7 5 5 ], 39, 710
[ 1 1 9 5 ], 8, 13
[ 1 1 1 8 ], 5, 21
[ 1 6 6 2 6 6 ], 5, 3
[ 1 6 6 4 6 4 ], 24, 178
[ 42 ], 1, 0
[ 6 20 30 10 ], 29, 0
[ 10 8 6 5 4 2 ], 34, 181
[ 10 12 15 18 20 ], 26, 0
[ 7 6 11 ], 12, 1
[ 6 8 10 ], 11, 0
[ 1 6 1 1 8 8 8 6 6 8 ], 4, 15
[ 44 ], 7, 0
[ 1 6 6 ], 3, 1
[ 1 11 7 ], 2, 1
[ 64 ], 36, 0
[ 52 ], 49, 0
[ 46 ], 31, 0
[ 1 8 4 ], 6, 2
[ 68 ], 28, 0
[ 14 12 12 10 14 16 ], 29, 0
[ 56 ], 34, 0
[ 8 6 4 ], 9, 0
[ 18 16 14 ], 42, 1
[ 59 ], 12, 0
[ 53 ], 15, 0
[ 41 ], 19, 0
[ 1 5 5 ], 2, 1
[ 1 7 3 7 5 ], 21, 60
[ 34 ], 29, 0
[ 43 ], 12, 0
[ 39 ], 24, 0
[ 6 1 6 6 6 7 ], 3, 1
[ 47 ], 21, 0
[ 58 ], 19, 0
[ 49 ], 22, 0
[ 45 ], 1, 0
[ 33 ], 6, 0
[ 60 ], 2, 0
[ 54 ], 14, 0
[ 5 3 6 5 18 ], 7, 0
[ 40 ], 10, 0
[ 20 1 10 20 ], 25, 5
[ 15 1 10 8 ], 4, 1
[ 145 ], 50, 0
[ 133 ], 132, 0
[ 118 ], 70, 0
[ 8 4 ], 10, 0
[ 1 40 1 1 ], 21, 253
[ 70 ], 53, 0
[ 37 ], 25, 0
[ 40 1 20 10 ], 57, 14
[ 61 ], 38, 0
[ 36 ], 27, 0
[ 31 ], 28, 0
[ 26 ], 13, 0
[ 4 8 1 8 ], 11, 5
[ 24 ], 17, 0
[ 7 5 9 ], 15, 1
[ 7 9 ], 3, 0
[ 9 7 ], 13, 0
[ 10 7 1 1 6 ], 22, 130
[ 25 ], 16, 0
[ 28 ], 19, 0
[ 110 ], 25, 0
[ 150 ], 120, 0
[ 73 ], 7, 0
[ 1 80 70 70 ], 40, 1
[ 55 ], 44, 0
[ 6 4 ], 8, 1
[ 80 70 20 60 ], 129, 0
[ 1 1 1 20 ], 7, 36
[ 170 ], 149, 0
[ 142 ], 88, 0
[ 96 ], 89, 0
[ 120 ], 24, 0
[ 5 10 20 40 80 ], 9, 0
[ 80 ], 73, 0
[ 1 6 4 ], 8, 4
[ 38 ], 8, 0
[ 35 ], 8, 0
[ 32 ], 18, 0
[ 1 1 30 ], 19, 20
[ 50 ], 9, 0
[ 19 ], 9, 0
[ 7 ], 4, 0
[ 30 ], 20, 0
[ 1 20 20 ], 6, 1
[ 10 20 ], 19, 0
[ 29 ], 8, 0
[ 27 ], 4, 0
[ 21 ], 2, 0
[ 20 ], 3, 0
[ 18 ], 2, 0
[ 22 ], 21, 0
[ 17 ], 11, 0
[ 10 ], 2, 0
[ 8 ], 1, 0
[ 9 ], 3, 0
[ 11 ], 3, 0
[ 12 ], 8, 0
[ 14 ], 10, 0
[ 4 ], 2, 0
[ 7 8 9 ], 23, 2
[ 7 8 9 ], 14, 1
[ 3 2 ], 1, 0
[ 4 5 ], 1, 0
[ 7 6 ], 5, 0
[ 4 3 2 ], 8, 4
[ 4 4 4 4 4 ], 1, 0
[ 5 3 2 5 ], 4, 1
[ 5 2 1 ], 4, 3
[ 2 4 2 2 ], 3, 0
[ 30 20 10 ], 14, 0
[ 8 7 9 10 3 7 ], 38, 57
[ 4 8 12 ], 5, 0
[ 12 8 4 ], 23, 0
[ 6 1 5 ], 2, 1
[ 4 2 6 ], 7, 0
[ 20 10 30 ], 14, 0
[ 7 8 3 10 9 7 8 ], 1, 0
[ 6 5 1 ], 3, 1
[ 1 7 8 ], 5, 1
[ 1 2 8 10 15 16 30 32 ], 109, 15668
[ 3 5 6 9 8 7 ], 2, 0
[ 1 1 9 7 3 7 ], 22, 335
[ 9 7 8 7 3 8 10 ], 47, 225
[ 1 1 1 1 9 9 ], 8, 165
[ 1 1 20 20 ], 15, 16
[ 1 6 5 ], 10, 4
[ 1 1 1 1 12 12 12 12 12 12 ], 9, 220
[ 10 8 6 8 6 4 6 2 4 2 ], 7, 0
[ 12 10 8 16 6 4 12 2 10 8 ], 55, 0
[ 10 8 6 6 4 2 ], 33, 0
[ 1 5 1 6 1 ], 10, 103
[ 2 4 6 ], 3, 0
[ 2 4 6 8 ], 7, 0
[ 6 4 2 ], 1, 0
[ 1 1 9 9 5 5 ], 22, 248
[ 20 30 10 ], 47, 0
[ 5 3 4 2 2 2 2 ], 1, 0
[ 2 2 2 4 2 2 2 ], 11, 0
[ 115 ], 12, 0
[ 20 5 10 40 15 25 ], 57, 0
[ 200 50 100 400 150 250 ], 35, 0
[ 10 20 30 80 70 40 ], 63, 0
[ 100 ], 36, 0
[ 600 ], 536, 0
[ 14 12 10 12 14 16 ], 41, 0
[ 8 4 1 8 ], 18, 14
[ 7 5 3 2 8 2 ], 26, 222
[ 1 6 5 1 ], 3, 4
[ 6 20 10 30 ], 24, 1
[ 12 14 16 14 12 10 ], 17, 0
[ 5 1 5 ], 3, 1
[ 7 5 3 9 1 ], 23, 65
[ 6 6 6 6 1 5 7 ], 16, 33
[ 1 5 7 6 6 6 6 ], 33, 497
[ 10 8 15 1 ], 5, 1
[ 51 ], 8, 0
[ 20 10 40 1 ], 56, 14
[ 1 1 4 5 ], 3, 4
[ 76 ], 37, 0
[ 1 5 10 20 40 80 ], 139, 1014
[ 1 6 6 5 ], 9, 4
[ 1 8 10 12 ], 14, 4
[ 1 6 8 ], 11, 3
[ 62 ], 42, 0
[ 1 14 12 12 10 14 ], 54, 129
[ 1 18 16 ], 21, 3
[ 1 20 1 10 ], 5, 6
[ 1 15 1 1 ], 14, 120
[ 131 ], 17, 0
[ 111 ], 44, 0
[ 103 ], 67, 0
[ 1 10 8 ], 12, 3
[ 1 1 7 ], 6, 7
[ 1 10 7 7 7 ], 19, 14
[ 57 ], 32, 0
[ 106 ], 64, 0
[ 74 ], 47, 0
[ 63 ], 56, 0
[ 1 2 6 18 36 54 ], 23, 33
[ 1 1 2 6 18 36 ], 15, 108
[ 75 ], 1, 0
[ 1 5 10 20 40 ], 74, 140
[ 1 1 5 5 4 ], 3, 4
[ 1 1 5 4 4 ], 3, 4
[ 6 9 5 1 ], 17, 12
[ 42 ], 36, 0
[ 6 20 30 10 ], 62, 7
[ 10 12 15 18 20 ], 71, 4
[ 4 7 9 ], 19, 1
[ 1 7 1 ], 3, 4
[ 6 8 10 ], 9, 0
[ 3 6 7 9 10 13 ], 47, 88
[ 44 ], 40, 0
[ 4 6 4 ], 5, 0
[ 7 9 13 4 8 10 ], 2, 0
[ 1 6 6 ], 4, 1
[ 64 ], 14, 0
[ 52 ], 46, 0
[ 46 ], 1, 0
[ 8 4 2 ], 3, 0
[ 68 ], 33, 0
[ 14 12 12 10 14 16 ], 27, 0
[ 1 1 1 12 1 1 ], 7, 330
[ 56 ], 41, 0
[ 18 16 14 ], 6, 0
[ 59 ], 15, 0
[ 53 ], 17, 0
[ 41 ], 30, 0
[ 1 1 1 9 9 ], 14, 162
[ 1 5 5 ], 8, 3
[ 7 3 9 5 1 ], 23, 65
[ 7 3 7 3 1 ], 12, 21
[ 34 ], 7, 0
[ 48 ], 8, 0
[ 43 ], 1, 0
[ 39 ], 31, 0
[ 47 ], 17, 0
[ 58 ], 53, 0
[ 49 ], 15, 0
[ 45 ], 5, 0
[ 33 ], 15, 0
[ 60 ], 47, 0
[ 54 ], 10, 0
[ 5 1 6 5 1 ], 15, 84
[ 5 3 6 5 18 ], 35, 41
[ 15 1 10 8 ], 5, 1
[ 145 ], 84, 0
[ 133 ], 105, 0
[ 118 ], 30, 0
[ 8 4 ], 6, 0
[ 10 8 6 ], 11, 0
[ 1 40 1 1 ], 26, 378
[ 70 ], 24, 0
[ 37 ], 16, 0
[ 40 1 20 10 ], 26, 4
[ 61 ], 18, 0
[ 36 ], 35, 0
[ 31 ], 5, 0
[ 26 ], 11, 0
[ 1 1 4 ], 3, 4
[ 24 ], 2, 0
[ 7 5 9 ], 11, 0
[ 7 9 ], 15, 0
[ 7 4 1 ], 2, 1
[ 9 7 ], 10, 0
[ 25 ], 24, 0
[ 28 ], 17, 0
[ 110 ], 54, 0
[ 150 ], 129, 0
[ 73 ], 69, 0
[ 140 ], 126, 0
[ 1 80 70 70 ], 109, 4
[ 55 ], 49, 0
[ 6 4 ], 7, 0
[ 80 70 20 60 ], 34, 0
[ 1 1 1 20 ], 14, 120
[ 170 ], 90, 0
[ 142 ], 70, 0
[ 96 ], 25, 0
[ 5 8 9 11 12 15 ], 57, 54
[ 120 ], 84, 0
[ 5 10 20 40 80 ], 7, 0
[ 80 ], 34, 0
[ 38 ], 9, 0
[ 35 ], 15, 0
[ 32 ], 10, 0
[ 3 5 8 4 9 10 ], 2, 0
[ 16 ], 14, 0
[ 50 ], 21, 0
[ 30 ], 25, 0
[ 1 20 20 ], 2, 1
[ 10 20 ], 8, 0
[ 23 ], 1, 0
[ 29 ], 22, 0
[ 27 ], 12, 0
[ 21 ], 20, 0
[ 20 ], 9, 0
[ 18 ], 8, 0
[ 22 ], 3, 0
[ 17 ], 4, 0
[ 10 ], 4, 0
[ 5 ], 1, 0
[ 13 ], 9, 0
[ 15 ], 5, 0
[ 6 ], 2, 0
[ 3 4 5 ], 6, 1
[ 4 5 ], 7, 0
[ 4 3 2 ], 1, 0
[ 2 4 2 2 2 4 2 2 4 2 ], 25, 0
[ 4 4 4 4 4 ], 2, 0
[ 2 4 ], 5, 0
[ 2 4 2 2 ], 1, 0
[ 5 6 1 ], 4, 1
[ 30 20 10 ], 13, 0
[ 4 8 12 ], 22, 0
[ 12 8 4 ], 6, 0
[ 4 2 6 ], 3, 0
[ 20 10 30 ], 31, 0
[ 7 3 10 9 7 8 ], 6, 1
[ 3 5 2 4 ], 13, 10
[ 1 7 8 ], 14, 4
[ 1 10 8 7 4 ], 28, 61
[ 1 8 7 ], 3, 1
[ 8 9 7 3 7 10 ], 39, 60
[ 1 1 5 5 ], 9, 20
[ 1 1 8 8 ], 7, 8
[ 1 4 4 1 4 4 ], 15, 224
[ 1 1 20 20 ], 8, 9
[ 1 6 5 ], 9, 3
[ 12 4 8 ], 7, 0
[ 8 4 12 ], 14, 0
[ 8 7 1 ], 12, 3
[ 20 30 10 ], 51, 0
[ 2 4 2 2 2 4 2 2 2 4 2 2 2 ], 27, 0
[ 2 2 2 4 2 2 2 ], 15, 0
[ 5 5 ], 3, 0
[ 2 2 4 ], 1, 0
[ 2 4 2 ], 1, 0
[ 115 ], 62, 0
[ 200 50 100 400 150 250 ], 1065, 0
[ 10 20 30 80 70 40 ], 38, 0
[ 100 ], 65, 0
[ 600 ], 347, 0
[ 30 6 20 10 ], 17, 0
[ 14 12 10 12 14 16 ], 20, 1
[ 3 2 8 6 9 5 ], 29, 115
[ 4 4 1 ], 3, 1
[ 1 6 5 1 ], 10, 23
[ 6 20 10 30 ], 12, 1
[ 12 14 16 14 12 10 ], 57, 0
[ 3 7 1 7 3 ], 16, 44
[ 7 3 1 3 7 ], 19, 67
[ 10 20 20 1 ], 15, 2
[ 20 8 6 4 ], 16, 4
[ 51 ], 44, 0
[ 20 10 40 1 ], 4, 1
[ 4 8 8 1 ], 11, 5
[ 2 3 ], 1, 0
[ 5 7 4 9 8 10 ], 6, 0
[ 76 ], 74, 0
[ 1 1 5 10 20 40 ], 49, 825
[ 1 6 1 30 ], 22, 56
[ 1 8 10 12 ], 16, 5
[ 1 3 6 ], 8, 4
[ 62 ], 4, 0
[ 1 14 12 12 10 14 ], 59, 156
[ 131 ], 24, 0
[ 111 ], 48, 0
[ 103 ], 69, 0
[ 1 10 8 ], 7, 1
[ 1 1 8 1 ], 4, 15
[ 1 6 6 3 3 ], 17, 50
[ 1 1 4 7 8 ], 18, 113
[ 1 4 7 ], 6, 2
[ 1 10 10 5 5 ], 13, 8
[ 57 ], 8, 0
[ 106 ], 24, 0
[ 74 ], 30, 0
[ 63 ], 45, 0
[ 75 ], 58, 0
[ 1 5 10 20 40 ], 42, 36
[ 1 1 5 5 4 ], 8, 23
[ 1 9 9 7 9 8 ], 38, 136
[ 1 1 7 2 ], 5, 12
[ 6 9 5 1 ], 18, 14
[ 1 1 1 8 ], 7, 36
[ 42 ], 6, 0
[ 1 1 1 1 7 ], 6, 84
[ 10 12 15 18 20 ], 69, 5
[ 4 7 9 ], 6, 0
[ 7 6 11 ], 19, 1
[ 1 7 1 ], 5, 6
[ 6 8 10 ], 22, 2
[ 44 ], 27, 0
[ 1 1 1 13 13 13 ], 25, 624
[ 6 1 3 ], 5, 2
[ 1 6 6 ], 9, 3
[ 1 11 7 ], 5, 1
[ 64 ], 35, 0
[ 52 ], 17, 0
[ 46 ], 9, 0
[ 8 4 2 ], 13, 0
[ 68 ], 21, 0
[ 14 12 12 10 14 16 ], 21, 0
[ 56 ], 47, 0
[ 8 6 4 ], 5, 0
[ 18 16 14 ], 29, 0
[ 59 ], 46, 0
[ 53 ], 21, 0
[ 41 ], 10, 0
[ 1 1 1 7 7 ], 6, 28
[ 7 3 7 3 1 ], 5, 3
[ 34 ], 9, 0
[ 48 ], 39, 0
[ 43 ], 15, 0
[ 39 ], 38, 0
[ 47 ], 30, 0
[ 58 ], 55, 0
[ 49 ], 41, 0
[ 45 ], 34, 0
[ 33 ], 7, 0
[ 60 ], 5, 0
[ 54 ], 28, 0
[ 40 ], 6, 0
[ 20 1 10 20 ], 24, 5
[ 15 1 10 8 ], 2, 1
[ 1 1 1 5 5 ], 9, 85
[ 145 ], 93, 0
[ 133 ], 8, 0
[ 118 ], 16, 0
[ 1 40 1 1 ], 34, 630
[ 70 ], 50, 0
[ 37 ], 9, 0
[ 40 1 20 10 ], 48, 10
[ 61 ], 7, 0
[ 36 ], 1, 0
[ 26 ], 25, 0
[ 24 ], 5, 0
[ 7 9 ], 10, 0
[ 25 ], 17, 0
[ 28 ], 8, 0
[ 110 ], 6, 0
[ 150 ], 31, 0
[ 73 ], 59, 0
[ 140 ], 102, 0
[ 1 80 70 70 ], 58, 1
[ 55 ], 36, 0
[ 6 4 ], 1, 0
[ 80 70 20 60 ], 11, 0
[ 1 1 1 20 ], 8, 45
[ 170 ], 5, 0
[ 142 ], 38, 0
[ 2 8 10 15 16 30 32 64 ], 155, 2686
[ 96 ], 12, 0
[ 5 8 9 11 12 15 ], 18, 2
[ 120 ], 106, 0
[ 5 10 20 40 80 ], 78, 0
[ 80 ], 23, 0
[ 38 ], 26, 0
[ 1 1 4 4 4 ], 7, 20
[ 1 4 4 4 4 ], 7, 5
[ 1 4 1 4 4 ], 7, 20
[ 1 9 9 8 8 ], 24, 19
[ 35 ], 7, 0
[ 32 ], 16, 0
[ 1 1 1 8 1 1 ], 7, 330
[ 16 ], 9, 0
[ 1 1 30 ], 14, 15
[ 50 ], 23, 0
[ 1 20 1 ], 12, 13
[ 19 ], 14, 0
[ 7 ], 5, 0
[ 30 ], 22, 0
[ 1 20 20 ], 17, 1
[ 10 20 ], 23, 0
[ 23 ], 18, 0
[ 29 ], 1, 0
[ 27 ], 9, 0
[ 21 ], 4, 0
[ 20 ], 14, 0
[ 18 ], 14, 0
[ 22 ], 4, 0
[ 17 ], 13, 0
[ 10 ], 6, 0
[ 8 ], 3, 0
[ 9 ], 4, 0
[ 11 ], 7, 0
[ 12 ], 1, 0
[ 13 ], 6, 0
[ 14 ], 12, 0
[ 3 ], 1, 0
[ 4 ], 3, 0
[ 15 ], 1, 0
[ 7 8 9 ], 10, 0
[ 2 3 4 ], 8, 4
[ 6 ], 5, 0
[ 7 8 9 ], 12, 0
[ 3 4 5 ], 10, 2
[ 4 5 ], 2, 0
[ 7 6 ], 1, 0
[ 7 6 ], 2, 0
[ 5 3 4 2 3 2 2 ], 1, 0
[ 2 4 2 2 2 4 2 2 4 2 ], 19, 0
[ 4 2 4 ], 5, 0
[ 4 4 4 4 4 ], 13, 0
[ 1 4 4 ], 6, 3
[ 2 4 3 2 ], 10, 16
[ 1 3 5 ], 2, 1
[ 2 4 ], 3, 0
[ 5 6 1 ], 2, 1
[ 30 20 10 ], 17, 0
[ 9 7 8 7 3 10 ], 5, 0
[ 4 8 12 ], 17, 0
[ 6 5 10 4 8 1 8 ], 39, 746
[ 6 1 5 ], 4, 1
[ 7 3 10 9 7 8 ], 38, 57
[ 1 1 7 7 1 9 9 1 ], 5, 56
[ 1 1 8 10 ], 5, 6
[ 6 5 1 ], 10, 4
[ 1 4 7 8 10 ], 24, 41
[ 1 7 8 ], 4, 1
[ 1 8 7 ], 11, 3
[ 3 8 6 7 5 9 ], 2, 0
[ 1 1 4 4 ], 7, 16
[ 1 1 8 8 ], 11, 20
[ 1 1 1 1 9 9 ], 17, 1470
[ 1 1 20 20 ], 5, 6
[ 3 4 5 5 6 7 ], 2, 0
[ 6 4 6 8 2 4 6 2 4 6 ], 13, 0
[ 1 10 8 6 1 10 8 7 6 5 ], 4, 5
[ 6 8 10 12 2 4 6 6 8 10 ], 9, 0
[ 1 1 1 1 12 12 12 12 12 12 ], 41, 70080
[ 1 6 6 4 1 6 ], 21, 340
[ 8 9 10 7 5 6 3 7 4 5 ], 63, 23411
[ 6 2 4 ], 3, 0
[ 10 8 6 8 6 4 6 2 4 2 ], 25, 0
[ 12 4 8 ], 3, 0
[ 8 4 12 ], 13, 0
[ 1 1 1 6 5 ], 10, 103
[ 2 4 6 ], 1, 0
[ 2 4 6 8 ], 11, 0
[ 1 5 5 4 1 6 ], 19, 304
[ 20 30 10 ], 21, 0
[ 2 4 2 2 2 4 2 2 2 4 2 2 2 ], 9, 0
[ 2 2 ], 3, 0
[ 5 5 ], 4, 0
[ 2 2 4 ], 7, 0
[ 2 4 2 ], 3, 0
[ 2 4 2 ], 7, 0
[ 115 ], 1, 0
[ 20 5 10 40 15 25 ], 78, 0
[ 200 50 100 400 150 250 ], 128, 0
[ 10 20 30 80 70 40 ], 161, 0
[ 100 ], 83, 0
[ 600 ], 148, 0
[ 8 2 7 5 3 2 ], 21, 106
[ 30 6 20 10 ], 58, 5
[ 14 12 10 12 14 16 ], 77, 0
[ 5 1 1 6 5 ], 15, 84
[ 10 7 6 1 1 ], 5, 6
[ 4 4 1 ], 2, 1
[ 6 20 10 30 ], 23, 0
[ 12 14 16 14 12 10 ], 15, 0
[ 3 7 1 7 3 ], 19, 67
[ 3 7 7 3 1 ], 19, 67
[ 5 1 5 ], 7, 3
[ 1 5 7 6 6 6 6 ], 15, 29
[ 10 20 20 1 ], 29, 5
[ 20 8 6 4 ], 1, 0
[ 51 ], 36, 0
[ 2 4 3 ], 1, 0
[ 2 3 ], 4, 1
[ 5 7 4 9 8 10 ], 3, 0
[ 76 ], 41, 0
[ 1 5 10 20 40 80 ], 84, 202
[ 1 1 5 10 20 40 ], 39, 415
[ 1 6 1 30 ], 13, 24
[ 1 8 10 12 ], 7, 1
[ 1 6 8 ], 5, 1
[ 62 ], 39, 0
[ 1 12 4 ], 10, 3
[ 1 14 12 12 10 14 ], 7, 1
[ 1 8 6 ], 12, 4
[ 1 18 16 ], 7, 1
[ 1 20 1 10 ], 18, 28
[ 1 15 1 1 ], 4, 15
[ 131 ], 28, 0
[ 111 ], 101, 0
[ 103 ], 40, 0
[ 1 10 8 ], 6, 1
[ 1 10 10 5 5 ], 17, 16
[ 1 10 7 7 7 ], 28, 49
[ 1 2 6 10 18 54 ], 40, 218
[ 57 ], 22, 0
[ 106 ], 88, 0
[ 74 ], 33, 0
[ 63 ], 3, 0
[ 1 2 6 18 36 54 ], 83, 900
[ 1 1 2 6 18 36 ], 53, 3870
[ 75 ], 56, 0
[ 1 5 10 20 40 ], 2, 1
[ 1 9 9 7 9 8 ], 13, 6
[ 1 1 7 7 1 9 9 9 ], 39, 14760
[ 1 1 1 5 5 5 ], 9, 100
[ 42 ], 19, 0
[ 2 4 6 8 10 ], 29, 0
[ 10 12 15 18 20 ], 5, 0
[ 4 7 9 ], 15, 1
[ 7 6 11 ], 5, 0
[ 1 7 1 ], 6, 7
[ 6 8 10 ], 13, 0
[ 1 6 1 1 8 8 8 6 6 8 ], 49, 203122
[ 44 ], 26, 0
[ 4 6 4 ], 13, 0
[ 1 1 6 ], 4, 5
[ 6 1 2 ], 4, 3
[ 1 1 1 13 13 13 ], 24, 559
[ 6 1 3 ], 8, 4
[ 1 6 6 ], 5, 1
[ 64 ], 40, 0
[ 52 ], 44, 0
[ 46 ], 21, 0
[ 1 10 8 8 6 4 ], 3, 1
[ 68 ], 27, 0
[ 56 ], 13, 0
[ 18 16 14 ], 40, 0
[ 59 ], 3, 0
[ 53 ], 32, 0
[ 41 ], 35, 0
[ 1 1 1 9 9 ], 4, 15
[ 1 5 5 ], 9, 3
[ 34 ], 20, 0
[ 48 ], 21, 0
[ 43 ], 38, 0
[ 39 ], 32, 0
[ 6 1 6 6 6 7 ], 15, 21
[ 47 ], 7, 0
[ 58 ], 7, 0
[ 49 ], 30, 0
[ 1 1 1 1 12 12 12 9 12 ], 56, 335799
[ 45 ], 27, 0
[ 33 ], 12, 0
[ 60 ], 4, 0
[ 54 ], 27, 0
[ 40 ], 21, 0
[ 20 1 10 20 ], 16, 2
[ 15 1 10 8 ], 28, 12
[ 1 1 1 10 ], 8, 45
[ 145 ], 62, 0
[ 133 ], 123, 0
[ 3 6 7 8 10 12 15 18 100 ], 101, 5920
[ 118 ], 31, 0
[ 8 4 ], 5, 0
[ 8 6 4 20 ], 9, 0
[ 1 1 1 1 6 ], 5, 56
[ 1 40 1 1 ], 35, 666
[ 70 ], 11, 0
[ 37 ], 35, 0
[ 40 1 20 10 ], 33, 6
[ 61 ], 42, 0
[ 36 ], 20, 0
[ 31 ], 27, 0
[ 26 ], 10, 0
[ 4 8 1 8 ], 18, 14
[ 6 1 3 7 ], 5, 2
[ 24 ], 23, 0
[ 7 9 ], 2, 0
[ 9 7 ], 4, 0
[ 25 ], 23, 0
[ 28 ], 14, 0
[ 110 ], 49, 0
[ 150 ], 96, 0
[ 73 ], 2, 0
[ 140 ], 47, 0
[ 1 80 70 70 ], 199, 10
[ 55 ], 18, 0
[ 80 70 20 60 ], 86, 0
[ 1 1 1 20 ], 4, 15
[ 170 ], 140, 0
[ 142 ], 69, 0
[ 96 ], 14, 0
[ 120 ], 63, 0
[ 5 10 20 40 80 ], 142, 0
[ 80 ], 19, 0
[ 38 ], 10, 0
[ 1 6 6 6 6 ], 2, 1
[ 1 1 4 4 4 ], 3, 4
[ 1 4 1 4 4 ], 3, 4
[ 35 ], 21, 0
[ 32 ], 22, 0
[ 16 ], 3, 0
[ 1 1 30 ], 18, 19
[ 50 ], 2, 0
[ 1 20 1 ], 14, 15
[ 19 ], 16, 0
[ 7 ], 2, 0
[ 30 ], 7, 0
[ 10 20 ], 27, 0
[ 23 ], 5, 0
[ 29 ], 17, 0
[ 27 ], 15, 0
[ 21 ], 1, 0
[ 20 ], 5, 0
[ 18 ], 3, 0
[ 22 ], 11, 0
[ 17 ], 1, 0
[ 10 ], 8, 0
[ 8 ], 5, 0
[ 9 ], 5, 0
[ 11 ], 10, 0
[ 5 ], 3, 0
[ 12 ], 9, 0
[ 13 ], 2, 0
[ 2 ], 1, 0
[ 14 ], 2, 0
[ 3 ], 2, 0
[ 4 ], 1, 0
[ 15 ], 3, 0
[ 6 ], 3, 0
[ 7 8 9 ], 2, 0
[ 6 ], 4, 0
[ 7 8 9 ], 19, 0
[ 3 2 ], 4, 1
[ 4 5 ], 3, 0
[ 7 6 ], 10, 0
[ 4 5 4 1 3 ], 2, 1
[ 2 4 2 2 2 4 2 2 4 2 ], 5, 0
[ 4 2 4 ], 1, 0
[ 4 4 4 4 4 ], 18, 0
[ 1 4 4 ], 3, 1
[ 2 4 2 2 5 ], 1, 0
[ 1 4 1 ], 3, 4
[ 1 3 5 ], 7, 4
[ 2 4 ], 1, 0
