[1, 2, 3, 4, 5, 6, 7, 8, 9, 10]
3
1
7
[1, 4, 3, 2, 7, 6, 5, 8, 9, 10]
[1, 2, 3, 4, 5, 6, 7, 8, 9, 10]
3
1
9
[1, 4, 3, 2, 7, 6, 5, 10, 9, 8]
[1, 2, 3, 4, 5, 6, 7, 8, 9, 10]
3
3
5
[1, 2, 3, 6, 5, 4, 7, 8, 9, 10]
[1, 2, 3, 4, 5, 6, 7, 8, 9, 10]
3
3
4
[1, 2, 3, 4, 5, 6, 7, 8, 9, 10]
[ 1 2 3 4 5 6 7 8 9 10]
3
1
1
[ 1 2 3 4 5 6 7 8 9 10 ]
[ 1 2 3 4 5 6 7 8 9 10]
3
1
2
[ 1 2 3 4 5 6 7 8 9 10 ]
[ 1 2 3 4 5 6 7 8 9 10]
3
1
3
[ 1 4 3 2 5 6 7 8 9 10 ]
[ 1 2 3 4 5 6 7 8 9 10]
3
1
4
[ 1 4 3 2 5 6 7 8 9 10 ]
[ 1 2 3 4 5 6 7 8 9 10]
3
1
5
[ 1 4 3 2 5 6 7 8 9 10 ]
[ 1 2 3 4 5 6 7 8 9 10]
3
1
6
[ 1 4 3 2 7 6 5 8 9 10 ]
[ 1 2 3 4 5 6 7 8 9 10]
3
1
7
[ 1 4 3 2 7 6 5 8 9 10 ]
[ 1 2 3 4 5 6 7 8 9 10]
3
1
8
[ 1 4 3 2 7 6 5 8 9 10 ]
[ 1 2 3 4 5 6 7 8 9 10]
3
1
9
[ 1 4 3 2 7 6 5 10 9 8 ]
[ 1 2 3 4 5 6 7 8 9 10]
3
3
5
[ 1 2 3 6 5 4 7 8 9 10 ]
[ 1 2 3 4 5 6 7 8 9 10]
3
3
4
[ 1 2 3 4 5 6 7 8 9 10 ]
[ 1 2 3 4 5 6 7 8 9 10]
3
0
2
[ 3 2 1 4 5 6 7 8 9 10 ]
[ -1 -2 -3 -4 -5 -6 -7 -8 -9 -10]
3
1
1
[ -1 -2 -3 -4 -5 -6 -7 -8 -9 -10 ]
[ -1 -2 -3 -4 -5 -6 -7 -8 -9 -10]
3
1
2
[ -1 -2 -3 -4 -5 -6 -7 -8 -9 -10 ]
[ -1 -2 -3 -4 -5 -6 -7 -8 -9 -10]
3
1
3
[ -1 -4 -3 -2 -5 -6 -7 -8 -9 -10 ]
[ -1 -2 -3 -4 -5 -6 -7 -8 -9 -10]
3
1
4
[ -1 -4 -3 -2 -5 -6 -7 -8 -9 -10 ]
[ -1 -2 -3 -4 -5 -6 -7 -8 -9 -10]
3
1
5
[ -1 -4 -3 -2 -5 -6 -7 -8 -9 -10 ]
[ -1 -2 -3 -4 -5 -6 -7 -8 -9 -10]
3
1
6
[ -1 -4 -3 -2 -7 -6 -5 -8 -9 -10 ]
[ -1 -2 -3 -4 -5 -6 -7 -8 -9 -10]
3
1
7
[ -1 -4 -3 -2 -7 -6 -5 -8 -9 -10 ]
[ -1 -2 -3 -4 -5 -6 -7 -8 -9 -10]
3
1
8
[ -1 -4 -3 -2 -7 -6 -5 -8 -9 -10 ]
[ -1 -2 -3 -4 -5 -6 -7 -8 -9 -10]
3
1
9
[ -1 -4 -3 -2 -7 -6 -5 -10 -9 -8 ]
[ 1 2 3 4 5 6 7 8 9 10]
6
1
1
[ 1 2 3 4 5 6 7 8 9 10 ]
[ 1 2 3 4 5 6 7 8 9 10]
6
1
2
[ 1 2 3 4 5 6 7 8 9 10 ]
[ 1 2 3 4 5 6 7 8 9 10]
6
1
3
[ 1 2 3 4 5 6 7 8 9 10 ]
[ 1 2 3 4 5 6 7 8 9 10]
6
1
4
[ 1 2 3 4 5 6 7 8 9 10 ]
[ 1 2 3 4 5 6 7 8 9 10]
6
1
5
[ 1 2 3 4 5 6 7 8 9 10 ]
[ 1 2 3 4 5 6 7 8 9 10]
6
1
6
[ 1 7 6 5 4 3 2 8 9 10 ]
[ 1 2 3 4 5 6 7 8 9 10]
6
1
7
[ 1 7 6 5 4 3 2 8 9 10 ]
[ 1 2 3 4 5 6 7 8 9 10]
6
1
8
[ 1 7 6 5 4 3 2 8 9 10 ]
[ 1 2 3 4 5 6 7 8 9 10]
6
1
9
[ 1 7 6 5 4 3 2 8 9 10 ]
[ 1 2 3 4 5 6 7 8 9 10]
5
1
1
[ 1 2 3 4 5 6 7 8 9 10 ]
[ 1 2 3 4 5 6 7 8 9 10]
5
1
2
[ 1 2 3 4 5 6 7 8 9 10 ]
[ 1 2 3 4 5 6 7 8 9 10]
5
1
3
[ 1 2 3 4 5 6 7 8 9 10 ]
[ 1 2 3 4 5 6 7 8 9 10]
5
1
4
[ 1 2 3 4 5 6 7 8 9 10 ]
[ 1 2 3 4 5 6 7 8 9 10]
5
1
5
[ 1 6 5 4 3 2 7 8 9 10 ]
[ 1 2 3 4 5 6 7 8 9 10]
5
1
6
[ 1 6 5 4 3 2 7 8 9 10 ]
[ 1 2 3 4 5 6 7 8 9 10]
5
1
7
[ 1 6 5 4 3 2 7 8 9 10 ]
[ 1 2 3 4 5 6 7 8 9 10]
5
1
8
[ 1 6 5 4 3 2 7 8 9 10 ]
[ 1 2 3 4 5 6 7 8 9 10]
5
1
9
[ 1 6 5 4 3 2 7 8 9 10 ]
[ 1 2 3 4 5 6 7 8 9 10]
7
1
2
[ 1 2 3 4 5 6 7 8 9 10 ]
[ 1 2 3 4 5 6 7 8 9 10]
7
1
3
[ 1 2 3 4 5 6 7 8 9 10 ]
[ 1 2 3 4 5 6 7 8 9 10]
7
1
4
[ 1 2 3 4 5 6 7 8 9 10 ]
[ 1 2 3 4 5 6 7 8 9 10]
7
1
5
[ 1 2 3 4 5 6 7 8 9 10 ]
[ 1 2 3 4 5 6 7 8 9 10]
7
1
6
[ 1 2 3 4 5 6 7 8 9 10 ]
[ 1 2 3 4 5 6 7 8 9 10]
7
1
7
[ 1 8 7 6 5 4 3 2 9 10 ]
[ 1 2 3 4 5 6 7 8 9 10]
7
1
8
[ 1 8 7 6 5 4 3 2 9 10 ]
[ 1 2 3 4 5 6 7 8 9 10]
7
1
9
[ 1 8 7 6 5 4 3 2 9 10 ]
[ 1 2 3 4 5 6 7 8 9 10]
6
3
5
[ 1 2 3 4 5 6 7 8 9 10 ]
[ 1 2 3 4 5 6 7 8 9 10]
6
3
4
[ 1 2 3 4 5 6 7 8 9 10 ]
[ 1 2 3 4 5 6 7 8 9 10]
4
4
3
[ 1 2 3 4 5 6 7 8 9 10 ]
[ 1 2 3 4 5 6 7 8 9 10]
6
0
2
[ 1 2 3 4 5 6 7 8 9 10 ]
[ -1 -2 -3 -4 -5 -6 -7 -8 -9 -10]
6
1
1
[ -1 -2 -3 -4 -5 -6 -7 -8 -9 -10 ]
[ -1 -2 -3 -4 -5 -6 -7 -8 -9 -10]
6
1
2
[ -1 -2 -3 -4 -5 -6 -7 -8 -9 -10 ]
[ -1 -2 -3 -4 -5 -6 -7 -8 -9 -10]
6
1
3
[ -1 -2 -3 -4 -5 -6 -7 -8 -9 -10 ]
[ -1 -2 -3 -4 -5 -6 -7 -8 -9 -10]
6
1
4
[ -1 -2 -3 -4 -5 -6 -7 -8 -9 -10 ]
[ -1 -2 -3 -4 -5 -6 -7 -8 -9 -10]
6
1
5
[ -1 -2 -3 -4 -5 -6 -7 -8 -9 -10 ]
[ -1 -2 -3 -4 -5 -6 -7 -8 -9 -10]
6
1
6
[ -1 -7 -6 -5 -4 -3 -2 -8 -9 -10 ]
[ -1 -2 -3 -4 -5 -6 -7 -8 -9 -10]
6
1
7
[ -1 -7 -6 -5 -4 -3 -2 -8 -9 -10 ]
[ -1 -2 -3 -4 -5 -6 -7 -8 -9 -10]
6
1
8
[ -1 -7 -6 -5 -4 -3 -2 -8 -9 -10 ]
[ -1 -2 -3 -4 -5 -6 -7 -8 -9 -10]
6
1
9
[ -1 -7 -6 -5 -4 -3 -2 -8 -9 -10 ]
[ -1 -2 -3 -4 -5 -6 -7 -8 -9 -10]
4
4
3
[ -1 -2 -3 -4 -5 -6 -7 -8 -9 -10 ]
[ 1 2 3 4 5 6 7 8 9 10]
11
1
1
[ 1 2 3 4 5 6 7 8 9 10 ]
[ 1 2 3 4 5 6 7 8 9 10]
11
1
2
[ 1 2 3 4 5 6 7 8 9 10 ]
[ 1 2 3 4 5 6 7 8 9 10]
11
1
3
[ 1 2 3 4 5 6 7 8 9 10 ]
[ 1 2 3 4 5 6 7 8 9 10]
11
1
4
[ 1 2 3 4 5 6 7 8 9 10 ]
[ 1 2 3 4 5 6 7 8 9 10]
11
1
5
[ 1 2 3 4 5 6 7 8 9 10 ]
[ 1 2 3 4 5 6 7 8 9 10]
11
1
6
[ 1 2 3 4 5 6 7 8 9 10 ]
[ 1 2 3 4 5 6 7 8 9 10]
11
1
7
[ 1 2 3 4 5 6 7 8 9 10 ]
[ 1 2 3 4 5 6 7 8 9 10]
11
1
8
[ 1 2 3 4 5 6 7 8 9 10 ]
[ 1 2 3 4 5 6 7 8 9 10]
11
1
9
[ 1 2 3 4 5 6 7 8 9 10 ]
[ 1 2 3 4 5 6 7 8 9 10]
1
1
7
[ 1 2 3 4 5 6 7 8 9 10 ]
[ 1 2 3 4 5 6 7 8 9 10]
0
1
7
[ 1 2 3 4 5 6 7 8 9 10 ]
[ 1 2 3 4 5 6 7 8 9 10]
-1
1
7
[ 1 2 3 4 5 6 7 8 9 10 ]
[ 1 2 3 4 5 6 7 8 9 10]
11
3
5
[ 1 2 3 4 5 6 7 8 9 10 ]
[ 1 2 3 4 5 6 7 8 9 10]
11
3
4
[ 1 2 3 4 5 6 7 8 9 10 ]
[ 1 2 3 4 5 6 7 8 9 10]
0
3
4
[ 1 2 3 4 5 6 7 8 9 10 ]
