[3, 3, 1, 1, 1, 8, 3, 6, 8, 7, 8], [3, 3, 3, 1, 1, 1, 8, 8, 8, 6, 7]
[ ], [ ]
[ 4, 8, 1, 1, 1, 4, 8, 1, 1 ], [ 1, 1, 1, 1, 1, 4, 4, 8, 8 ]
[ 1, 8, 6, 8, 1, 1, 6, 4, 6, 8, 1, 8, 4, 6, 8, 8, 4, 6, 6, 8, 1 ], [ 8, 8, 8, 8, 8, 8, 8, 6, 6, 6, 6, 6, 6, 1, 1, 1, 1, 1, 4, 4, 4 ]
[ 1, 5, 8, 8, 8, 5, 5, 4 ], [ 5, 5, 5, 8, 8, 8, 1, 4 ]
[ 5, 8, 4, 0, 9, 5, 1, 4 ], [ 5, 5, 4, 4, 8, 0, 9, 1 ]
[ 1, 1, 0 ], [ 1, 1, 0 ]
[ 4, 0, 4 ], [ 4, 4, 0 ]
[ 0, 4, 4 ], [ 4, 4, 0 ]
[ 4, 1, 1, 8, 1 ], [ 1, 1, 1, 4, 8 ]
[ 4, 5, 4, 1, 4 ], [ 4, 4, 4, 5, 1 ]
[ 8, 8, 7, 8, 5, 4, 1 ], [ 8, 8, 8, 7, 5, 4, 1 ]
[ 6, 1, 5, 1 ], [ 1, 1, 6, 5 ]
[ 4, 8, 0, 1, 8 ], [ 8, 8, 4, 0, 1 ]
[ 1, 4, 1 ], [ 1, 1, 4 ]
[ 8, 4, 0, 8 ], [ 8, 8, 4, 0 ]
[ 4, 8, 4, 4, 1, 0, 4 ], [ 4, 4, 4, 4, 8, 1, 0 ]
[ 1, 6, 4, 1, 8, 4, 4 ], [ 4, 4, 4, 1, 1, 6, 8 ]
[ 7, 6, 1, 5, 4, 4, 8, 1 ], [ 1, 1, 4, 4, 7, 6, 5, 8 ]
[ 8, 1, 4, 4, 4, 8 ], [ 4, 4, 4, 8, 8, 1 ]
[ 1, 4, 4, 0, 8, 4 ], [ 4, 4, 4, 1, 0, 8 ]
[ 0, 4, 0, 1, 8 ], [ 0, 0, 4, 1, 8 ]
[ 8, 1, 1, 0, 4 ], [ 1, 1, 8, 0, 4 ]
[ 6, 4, 8, 4, 8, 4 ], [ 4, 4, 4, 8, 8, 6 ]
[ 1, 8, 4, 4 ], [ 4, 4, 1, 8 ]
[ 6, 8, 4, 4, 4, 1 ], [ 4, 4, 4, 6, 8, 1 ]
[ 4, 8, 6, 0, 8, 4 ], [ 4, 4, 8, 8, 6, 0 ]
[ 1, 6, 7, 4, 8, 1 ], [ 1, 1, 6, 7, 4, 8 ]
[ 9, 7, 8, 7, 4, 8, 1 ], [ 7, 7, 8, 8, 9, 4, 1 ]
[ 6, 1, 4, 1, 4, 1, 7 ], [ 1, 1, 1, 4, 4, 6, 7 ]
[ 6, 4, 8, 8, 0, 8, 4, 6 ], [ 8, 8, 8, 6, 6, 4, 4, 0 ]
[ 4, 8, 4, 5, 1, 0, 4 ], [ 4, 4, 4, 8, 5, 1, 0 ]
[ 0, 8, 4, 1, 1, 4 ], [ 4, 4, 1, 1, 0, 8 ]
[ 8, 0, 4, 8, 1, 4 ], [ 8, 8, 4, 4, 0, 1 ]
[ 4, 0, 8, 4, 1, 4 ], [ 4, 4, 4, 0, 8, 1 ]
[ 4, 0, 1, 4, 8, 4 ], [ 4, 4, 4, 0, 1, 8 ]
[ 1, 0, 1, 1, 1, 0, 0, 1, 1, 0, 1 ], [ 1, 1, 1, 1, 1, 1, 1, 0, 0, 0, 0 ]
[ 5, 4, 4, 8, 8, 6, 8 ], [ 8, 8, 8, 4, 4, 5, 6 ]
[ 5, 4, 4, 8, 4, 6, 8 ], [ 4, 4, 4, 8, 8, 5, 6 ]
[ 1, 4, 5, 7, 8, 5, 9, 1 ], [ 1, 1, 5, 5, 4, 7, 8, 9 ]
[ 1, 8, 4, 7, 5, 6, 6, 4, 8 ], [ 8, 8, 4, 4, 6, 6, 1, 7, 5 ]
[ 1, 4, 8, 7, 5, 7, 6, 4, 8 ], [ 4, 4, 8, 8, 7, 7, 1, 5, 6 ]
[ 1, 1, 0, 1, 1, 8, 0, 1, 1, 1, 1 ], [ 1, 1, 1, 1, 1, 1, 1, 1, 0, 0, 8 ]
[ 1, 6, 5, 8, 4, 1 ], [ 1, 1, 6, 5, 8, 4 ]
[ 8, 1, 8, 4, 1, 8, 4 ], [ 8, 8, 8, 1, 1, 4, 4 ]
[ 1, 8, 1 ], [ 1, 1, 8 ]
[ 7, 8, 8, 9, 1, 9, 9, 1, 1, 1, 1, 1, 1, 1, 1 ], [ 1, 1, 1, 1, 1, 1, 1, 1, 1, 9, 9, 9, 8, 8, 7 ]
[ 4, 4, 5, 5, 6, 7 ], [ 4, 4, 5, 5, 6, 7 ]
[ 4, 4, 5, 6, 5, 6, 7, 7, 8, 9 ], [ 4, 4, 5, 5, 6, 6, 7, 7, 8, 9 ]
[ 6, 4, 5, 8, 5, 7, 9, 6, 9, 6, 4, 6, 5, 8, 5 ], [ 6, 6, 6, 6, 5, 5, 5, 5, 4, 4, 8, 8, 9, 9, 7 ]
[ 1, 5, 8, 4, 1, 5 ], [ 1, 1, 5, 5, 8, 4 ]
